MFEM mesh v1.0

#
# MFEM Geometry Types (see fem/geom.hpp):
#
# POINT       = 0
# SEGMENT     = 1
# TRIANGLE    = 2
# SQUARE      = 3
# TETRAHEDRON = 4
# CUBE        = 5
# PRISM       = 6
#

dimension
3

elements
1024
2 6 0 135 137 141 525 527
2 6 136 137 135 526 527 525
2 6 135 30 136 525 142 526
2 6 137 136 32 527 526 143
2 6 141 525 527 42 138 140
2 6 526 527 525 139 140 138
2 6 525 142 526 138 99 139
2 6 527 526 143 140 139 101
2 6 31 144 145 148 528 529
2 6 136 145 144 526 529 528
2 6 144 32 136 528 143 526
2 6 145 136 30 529 526 142
2 6 148 528 529 100 146 147
2 6 526 529 528 139 147 146
2 6 528 143 526 146 101 139
2 6 529 526 142 147 139 99
2 6 30 149 145 142 530 529
2 6 150 145 149 531 529 530
2 6 149 9 150 530 153 531
2 6 145 150 31 529 531 148
2 6 142 530 529 99 151 147
2 6 531 529 530 152 147 151
2 6 530 153 531 151 43 152
2 6 529 531 148 147 152 100
2 6 32 144 155 143 528 533
2 6 154 155 144 532 533 528
2 6 144 31 154 528 148 532
2 6 155 154 11 533 532 158
2 6 143 528 533 101 146 157
2 6 532 533 528 156 157 146
2 6 528 148 532 146 100 156
2 6 533 532 158 157 156 44
2 6 42 138 140 162 534 536
2 6 139 140 138 535 536 534
2 6 138 99 139 534 163 535
2 6 140 139 101 536 535 164
2 6 162 534 536 15 159 161
2 6 535 536 534 160 161 159
2 6 534 163 535 159 39 160
2 6 536 535 164 161 160 41
2 6 100 146 147 167 537 538
2 6 139 147 146 535 538 537
2 6 146 101 139 537 164 535
2 6 147 139 99 538 535 163
2 6 167 537 538 40 165 166
2 6 535 538 537 160 166 165
2 6 537 164 535 165 41 160
2 6 538 535 163 166 160 39
2 6 99 151 147 163 539 538
2 6 152 147 151 540 538 539
2 6 151 43 152 539 170 540
2 6 147 152 100 538 540 167
2 6 163 539 538 39 168 166
2 6 540 538 539 169 166 168
2 6 539 170 540 168 24 169
2 6 538 540 167 166 169 40
2 6 101 146 157 164 537 542
2 6 156 157 146 541 542 537
2 6 146 100 156 537 167 541
2 6 157 156 44 542 541 173
2 6 164 537 542 41 165 172
2 6 541 542 537 171 172 165
2 6 537 167 541 165 40 171
2 6 542 541 173 172 171 26
2 6 10 174 176 180 543 545
2 6 175 176 174 544 545 543
2 6 174 33 175 543 181 544
2 6 176 175 34 545 544 182
2 6 180 543 545 47 177 179
2 6 544 545 543 178 179 177
2 6 543 181 544 177 102 178
2 6 545 544 182 179 178 103
2 6 31 183 184 148 546 547
2 6 175 184 183 544 547 546
2 6 183 34 175 546 182 544
2 6 184 175 33 547 544 181
2 6 148 546 547 100 185 186
2 6 544 547 546 178 186 185
2 6 546 182 544 185 103 178
2 6 547 544 181 186 178 102
2 6 33 187 184 181 548 547
2 6 154 184 187 532 547 548
2 6 187 11 154 548 158 532
2 6 184 154 31 547 532 148
2 6 181 548 547 102 188 186
2 6 532 547 548 156 186 188
2 6 548 158 532 188 44 156
2 6 547 532 148 186 156 100
2 6 34 183 189 182 546 549
2 6 150 189 183 531 549 546
2 6 183 31 150 546 148 531
2 6 189 150 9 549 531 153
2 6 182 546 549 103 185 190
2 6 531 549 546 152 190 185
2 6 546 148 531 185 100 152
2 6 549 531 153 190 152 43
2 6 47 177 179 194 550 552
2 6 178 179 177 551 552 550
2 6 177 102 178 550 195 551
2 6 179 178 103 552 551 196
2 6 194 550 552 25 191 193
2 6 551 552 550 192 193 191
2 6 550 195 551 191 45 192
2 6 552 551 196 193 192 46
2 6 100 185 186 167 553 554
2 6 178 186 185 551 554 553
2 6 185 103 178 553 196 551
2 6 186 178 102 554 551 195
2 6 167 553 554 40 197 198
2 6 551 554 553 192 198 197
2 6 553 196 551 197 46 192
2 6 554 551 195 198 192 45
2 6 102 188 186 195 555 554
2 6 156 186 188 541 554 555
2 6 188 44 156 555 173 541
2 6 186 156 100 554 541 167
2 6 195 555 554 45 199 198
2 6 541 554 555 171 198 199
2 6 555 173 541 199 26 171
2 6 554 541 167 198 171 40
2 6 103 185 190 196 553 556
2 6 152 190 185 540 556 553
2 6 185 100 152 553 167 540
2 6 190 152 43 556 540 170
2 6 196 553 556 46 197 200
2 6 540 556 553 169 200 197
2 6 553 167 540 197 40 169
2 6 556 540 170 200 169 24
2 6 9 201 189 153 557 549
2 6 202 189 201 558 549 557
2 6 201 35 202 557 205 558
2 6 189 202 34 549 558 182
2 6 153 557 549 43 203 190
2 6 558 549 557 204 190 203
2 6 557 205 558 203 104 204
2 6 549 558 182 190 204 103
2 6 36 206 207 210 559 560
2 6 202 207 206 558 560 559
2 6 206 34 202 559 182 558
2 6 207 202 35 560 558 205
2 6 210 559 560 105 208 209
2 6 558 560 559 204 209 208
2 6 559 182 558 208 103 204
2 6 560 558 205 209 204 104
2 6 35 211 207 205 561 560
2 6 212 207 211 562 560 561
2 6 211 3 212 561 215 562
2 6 207 212 36 560 562 210
2 6 205 561 560 104 213 209
2 6 562 560 561 214 209 213
2 6 561 215 562 213 50 214
2 6 560 562 210 209 214 105
2 6 34 206 176 182 559 545
2 6 216 176 206 563 545 559
2 6 206 36 216 559 210 563
2 6 176 216 10 545 563 180
2 6 182 559 545 103 208 179
2 6 563 545 559 217 179 208
2 6 559 210 563 208 105 217
2 6 545 563 180 179 217 47
2 6 43 203 190 170 564 556
2 6 204 190 203 565 556 564
2 6 203 104 204 564 220 565
2 6 190 204 103 556 565 196
2 6 170 564 556 24 218 200
2 6 565 556 564 219 200 218
2 6 564 220 565 218 48 219
2 6 556 565 196 200 219 46
2 6 105 208 209 223 566 567
2 6 204 209 208 565 567 566
2 6 208 103 204 566 196 565
2 6 209 204 104 567 565 220
2 6 223 566 567 49 221 222
2 6 565 567 566 219 222 221
2 6 566 196 565 221 46 219
2 6 567 565 220 222 219 48
2 6 104 213 209 220 568 567
2 6 214 209 213 569 567 568
2 6 213 50 214 568 226 569
2 6 209 214 105 567 569 223
2 6 220 568 567 48 224 222
2 6 569 567 568 225 222 224
2 6 568 226 569 224 16 225
2 6 567 569 223 222 225 49
2 6 103 208 179 196 566 552
2 6 217 179 208 570 552 566
2 6 208 105 217 566 223 570
2 6 179 217 47 552 570 194
2 6 196 566 552 46 221 193
2 6 570 552 566 227 193 221
2 6 566 223 570 221 49 227
2 6 552 570 194 193 227 25
2 6 11 187 229 158 548 572
2 6 228 229 187 571 572 548
2 6 187 33 228 548 181 571
2 6 229 228 38 572 571 232
2 6 158 548 572 44 188 231
2 6 571 572 548 230 231 188
2 6 548 181 571 188 102 230
2 6 572 571 232 231 230 107
2 6 37 233 234 237 573 574
2 6 228 234 233 571 574 573
2 6 233 38 228 573 232 571
2 6 234 228 33 574 571 181
2 6 237 573 574 106 235 236
2 6 571 574 573 230 236 235
2 6 573 232 571 235 107 230
2 6 574 571 181 236 230 102
2 6 33 174 234 181 543 574
2 6 238 234 174 575 574 543
2 6 174 10 238 543 180 575
2 6 234 238 37 574 575 237
2 6 181 543 574 102 177 236
2 6 575 574 543 239 236 177
2 6 543 180 575 177 47 239
2 6 574 575 237 236 239 106
2 6 38 233 241 232 573 577
2 6 240 241 233 576 577 573
2 6 233 37 240 573 237 576
2 6 241 240 6 577 576 244
2 6 232 573 577 107 235 243
2 6 576 577 573 242 243 235
2 6 573 237 576 235 106 242
2 6 577 576 244 243 242 53
2 6 44 188 231 173 555 579
2 6 230 231 188 578 579 555
2 6 188 102 230 555 195 578
2 6 231 230 107 579 578 247
2 6 173 555 579 26 199 246
2 6 578 579 555 245 246 199
2 6 555 195 578 199 45 245
2 6 579 578 247 246 245 52
2 6 106 235 236 250 580 581
2 6 230 236 235 578 581 580
2 6 235 107 230 580 247 578
2 6 236 230 102 581 578 195
2 6 250 580 581 51 248 249
2 6 578 581 580 245 249 248
2 6 580 247 578 248 52 245
2 6 581 578 195 249 245 45
2 6 102 177 236 195 550 581
2 6 239 236 177 582 581 550
2 6 177 47 239 550 194 582
2 6 236 239 106 581 582 250
2 6 195 550 581 45 191 249
2 6 582 581 550 251 249 191
2 6 550 194 582 191 25 251
2 6 581 582 250 249 251 51
2 6 107 235 243 247 580 584
2 6 242 243 235 583 584 580
2 6 235 106 242 580 250 583
2 6 243 242 53 584 583 254
2 6 247 580 584 52 248 253
2 6 583 584 580 252 253 248
2 6 580 250 583 248 51 252
2 6 584 583 254 253 252 17
2 6 15 159 161 258 585 587
2 6 160 161 159 586 587 585
2 6 159 39 160 585 259 586
2 6 161 160 41 587 586 260
2 6 258 585 587 57 255 257
2 6 586 587 585 256 257 255
2 6 585 259 586 255 108 256
2 6 587 586 260 257 256 110
2 6 40 165 166 263 588 589
2 6 160 166 165 586 589 588
2 6 165 41 160 588 260 586
2 6 166 160 39 589 586 259
2 6 263 588 589 109 261 262
2 6 586 589 588 256 262 261
2 6 588 260 586 261 110 256
2 6 589 586 259 262 256 108
2 6 39 168 166 259 590 589
2 6 169 166 168 591 589 590
2 6 168 24 169 590 266 591
2 6 166 169 40 589 591 263
2 6 259 590 589 108 264 262
2 6 591 589 590 265 262 264
2 6 590 266 591 264 58 265
2 6 589 591 263 262 265 109
2 6 41 165 172 260 588 593
2 6 171 172 165 592 593 588
2 6 165 40 171 588 263 592
2 6 172 171 26 593 592 269
2 6 260 588 593 110 261 268
2 6 592 593 588 267 268 261
2 6 588 263 592 261 109 267
2 6 593 592 269 268 267 59
2 6 57 255 257 273 594 596
2 6 256 257 255 595 596 594
2 6 255 108 256 594 274 595
2 6 257 256 110 596 595 275
2 6 273 594 596 1 270 272
2 6 595 596 594 271 272 270
2 6 594 274 595 270 54 271
2 6 596 595 275 272 271 56
2 6 109 261 262 278 597 598
2 6 256 262 261 595 598 597
2 6 261 110 256 597 275 595
2 6 262 256 108 598 595 274
2 6 278 597 598 55 276 277
2 6 595 598 597 271 277 276
2 6 597 275 595 276 56 271
2 6 598 595 274 277 271 54
2 6 108 264 262 274 599 598
2 6 265 262 264 600 598 599
2 6 264 58 265 599 281 600
2 6 262 265 109 598 600 278
2 6 274 599 598 54 279 277
2 6 600 598 599 280 277 279
2 6 599 281 600 279 12 280
2 6 598 600 278 277 280 55
2 6 110 261 268 275 597 602
2 6 267 268 261 601 602 597
2 6 261 109 267 597 278 601
2 6 268 267 59 602 601 284
2 6 275 597 602 56 276 283
2 6 601 602 597 282 283 276
2 6 597 278 601 276 55 282
2 6 602 601 284 283 282 14
2 6 25 191 193 288 603 605
2 6 192 193 191 604 605 603
2 6 191 45 192 603 289 604
2 6 193 192 46 605 604 290
2 6 288 603 605 62 285 287
2 6 604 605 603 286 287 285
2 6 603 289 604 285 111 286
2 6 605 604 290 287 286 112
2 6 40 197 198 263 606 607
2 6 192 198 197 604 607 606
2 6 197 46 192 606 290 604
2 6 198 192 45 607 604 289
2 6 263 606 607 109 291 292
2 6 604 607 606 286 292 291
2 6 606 290 604 291 112 286
2 6 607 604 289 292 286 111
2 6 45 199 198 289 608 607
2 6 171 198 199 592 607 608
2 6 199 26 171 608 269 592
2 6 198 171 40 607 592 263
2 6 289 608 607 111 293 292
2 6 592 607 608 267 292 293
2 6 608 269 592 293 59 267
2 6 607 592 263 292 267 109
2 6 46 197 200 290 606 609
2 6 169 200 197 591 609 606
2 6 197 40 169 606 263 591
2 6 200 169 24 609 591 266
2 6 290 606 609 112 291 294
2 6 591 609 606 265 294 291
2 6 606 263 591 291 109 265
2 6 609 591 266 294 265 58
2 6 62 285 287 298 610 612
2 6 286 287 285 611 612 610
2 6 285 111 286 610 299 611
2 6 287 286 112 612 611 300
2 6 298 610 612 13 295 297
2 6 611 612 610 296 297 295
2 6 610 299 611 295 60 296
2 6 612 611 300 297 296 61
2 6 109 291 292 278 613 614
2 6 286 292 291 611 614 613
2 6 291 112 286 613 300 611
2 6 292 286 111 614 611 299
2 6 278 613 614 55 301 302
2 6 611 614 613 296 302 301
2 6 613 300 611 301 61 296
2 6 614 611 299 302 296 60
2 6 111 293 292 299 615 614
2 6 267 292 293 601 614 615
2 6 293 59 267 615 284 601
2 6 292 267 109 614 601 278
2 6 299 615 614 60 303 302
2 6 601 614 615 282 302 303
2 6 615 284 601 303 14 282
2 6 614 601 278 302 282 55
2 6 112 291 294 300 613 616
2 6 265 294 291 600 616 613
2 6 291 109 265 613 278 600
2 6 294 265 58 616 600 281
2 6 300 613 616 61 301 304
2 6 600 616 613 280 304 301
2 6 613 278 600 301 55 280
2 6 616 600 281 304 280 12
2 6 24 218 200 266 617 609
2 6 219 200 218 618 609 617
2 6 218 48 219 617 307 618
2 6 200 219 46 609 618 290
2 6 266 617 609 58 305 294
2 6 618 609 617 306 294 305
2 6 617 307 618 305 113 306
2 6 609 618 290 294 306 112
2 6 49 221 222 310 619 620
2 6 219 222 221 618 620 619
2 6 221 46 219 619 290 618
2 6 222 219 48 620 618 307
2 6 310 619 620 114 308 309
2 6 618 620 619 306 309 308
2 6 619 290 618 308 112 306
2 6 620 618 307 309 306 113
2 6 48 224 222 307 621 620
2 6 225 222 224 622 620 621
2 6 224 16 225 621 313 622
2 6 222 225 49 620 622 310
2 6 307 621 620 113 311 309
2 6 622 620 621 312 309 311
2 6 621 313 622 311 65 312
2 6 620 622 310 309 312 114
2 6 46 221 193 290 619 605
2 6 227 193 221 623 605 619
2 6 221 49 227 619 310 623
2 6 193 227 25 605 623 288
2 6 290 619 605 112 308 287
2 6 623 605 619 314 287 308
2 6 619 310 623 308 114 314
2 6 605 623 288 287 314 62
2 6 58 305 294 281 624 616
2 6 306 294 305 625 616 624
2 6 305 113 306 624 317 625
2 6 294 306 112 616 625 300
2 6 281 624 616 12 315 304
2 6 625 616 624 316 304 315
2 6 624 317 625 315 63 316
2 6 616 625 300 304 316 61
2 6 114 308 309 320 626 627
2 6 306 309 308 625 627 626
2 6 308 112 306 626 300 625
2 6 309 306 113 627 625 317
2 6 320 626 627 64 318 319
2 6 625 627 626 316 319 318
2 6 626 300 625 318 61 316
2 6 627 625 317 319 316 63
2 6 113 311 309 317 628 627
2 6 312 309 311 629 627 628
2 6 311 65 312 628 323 629
2 6 309 312 114 627 629 320
2 6 317 628 627 63 321 319
2 6 629 627 628 322 319 321
2 6 628 323 629 321 4 322
2 6 627 629 320 319 322 64
2 6 112 308 287 300 626 612
2 6 314 287 308 630 612 626
2 6 308 114 314 626 320 630
2 6 287 314 62 612 630 298
2 6 300 626 612 61 318 297
2 6 630 612 626 324 297 318
2 6 626 320 630 318 64 324
2 6 612 630 298 297 324 13
2 6 26 199 246 269 608 632
2 6 245 246 199 631 632 608
2 6 199 45 245 608 289 631
2 6 246 245 52 632 631 327
2 6 269 608 632 59 293 326
2 6 631 632 608 325 326 293
2 6 608 289 631 293 111 325
2 6 632 631 327 326 325 116
2 6 51 248 249 330 633 634
2 6 245 249 248 631 634 633
2 6 248 52 245 633 327 631
2 6 249 245 45 634 631 289
2 6 330 633 634 115 328 329
2 6 631 634 633 325 329 328
2 6 633 327 631 328 116 325
2 6 634 631 289 329 325 111
2 6 45 191 249 289 603 634
2 6 251 249 191 635 634 603
2 6 191 25 251 603 288 635
2 6 249 251 51 634 635 330
2 6 289 603 634 111 285 329
2 6 635 634 603 331 329 285
2 6 603 288 635 285 62 331
2 6 634 635 330 329 331 115
2 6 52 248 253 327 633 637
2 6 252 253 248 636 637 633
2 6 248 51 252 633 330 636
2 6 253 252 17 637 636 334
2 6 327 633 637 116 328 333
2 6 636 637 633 332 333 328
2 6 633 330 636 328 115 332
2 6 637 636 334 333 332 68
2 6 59 293 326 284 615 639
2 6 325 326 293 638 639 615
2 6 293 111 325 615 299 638
2 6 326 325 116 639 638 337
2 6 284 615 639 14 303 336
2 6 638 639 615 335 336 303
2 6 615 299 638 303 60 335
2 6 639 638 337 336 335 67
2 6 115 328 329 340 640 641
2 6 325 329 328 638 641 640
2 6 328 116 325 640 337 638
2 6 329 325 111 641 638 299
2 6 340 640 641 66 338 339
2 6 638 641 640 335 339 338
2 6 640 337 638 338 67 335
2 6 641 638 299 339 335 60
2 6 111 285 329 299 610 641
2 6 331 329 285 642 641 610
2 6 285 62 331 610 298 642
2 6 329 331 115 641 642 340
2 6 299 610 641 60 295 339
2 6 642 641 610 341 339 295
2 6 610 298 642 295 13 341
2 6 641 642 340 339 341 66
2 6 116 328 333 337 640 644
2 6 332 333 328 643 644 640
2 6 328 115 332 640 340 643
2 6 333 332 68 644 643 344
2 6 337 640 644 67 338 343
2 6 643 644 640 342 343 338
2 6 640 340 643 338 66 342
2 6 644 643 344 343 342 7
2 6 1 270 272 348 645 647
2 6 271 272 270 646 647 645
2 6 270 54 271 645 349 646
2 6 272 271 56 647 646 350
2 6 348 645 647 72 345 347
2 6 646 647 645 346 347 345
2 6 645 349 646 345 117 346
2 6 647 646 350 347 346 119
2 6 55 276 277 353 648 649
2 6 271 277 276 646 649 648
2 6 276 56 271 648 350 646
2 6 277 271 54 649 646 349
2 6 353 648 649 118 351 352
2 6 646 649 648 346 352 351
2 6 648 350 646 351 119 346
2 6 649 646 349 352 346 117
2 6 54 279 277 349 650 649
2 6 280 277 279 651 649 650
2 6 279 12 280 650 356 651
2 6 277 280 55 649 651 353
2 6 349 650 649 117 354 352
2 6 651 649 650 355 352 354
2 6 650 356 651 354 73 355
2 6 649 651 353 352 355 118
2 6 56 276 283 350 648 653
2 6 282 283 276 652 653 648
2 6 276 55 282 648 353 652
2 6 283 282 14 653 652 359
2 6 350 648 653 119 351 358
2 6 652 653 648 357 358 351
2 6 648 353 652 351 118 357
2 6 653 652 359 358 357 74
2 6 72 345 347 363 654 656
2 6 346 347 345 655 656 654
2 6 345 117 346 654 364 655
2 6 347 346 119 656 655 365
2 6 363 654 656 21 360 362
2 6 655 656 654 361 362 360
2 6 654 364 655 360 69 361
2 6 656 655 365 362 361 71
2 6 118 351 352 368 657 658
2 6 346 352 351 655 658 657
2 6 351 119 346 657 365 655
2 6 352 346 117 658 655 364
2 6 368 657 658 70 366 367
2 6 655 658 657 361 367 366
2 6 657 365 655 366 71 361
2 6 658 655 364 367 361 69
2 6 117 354 352 364 659 658
2 6 355 352 354 660 658 659
2 6 354 73 355 659 371 660
2 6 352 355 118 658 660 368
2 6 364 659 658 69 369 367
2 6 660 658 659 370 367 369
2 6 659 371 660 369 27 370
2 6 658 660 368 367 370 70
2 6 119 351 358 365 657 662
2 6 357 358 351 661 662 657
2 6 351 118 357 657 368 661
2 6 358 357 74 662 661 374
2 6 365 657 662 71 366 373
2 6 661 662 657 372 373 366
2 6 657 368 661 366 70 372
2 6 662 661 374 373 372 29
2 6 13 295 297 378 663 665
2 6 296 297 295 664 665 663
2 6 295 60 296 663 379 664
2 6 297 296 61 665 664 380
2 6 378 663 665 77 375 377
2 6 664 665 663 376 377 375
2 6 663 379 664 375 120 376
2 6 665 664 380 377 376 121
2 6 55 301 302 353 666 667
2 6 296 302 301 664 667 666
2 6 301 61 296 666 380 664
2 6 302 296 60 667 664 379
2 6 353 666 667 118 381 382
2 6 664 667 666 376 382 381
2 6 666 380 664 381 121 376
2 6 667 664 379 382 376 120
2 6 60 303 302 379 668 667
2 6 282 302 303 652 667 668
2 6 303 14 282 668 359 652
2 6 302 282 55 667 652 353
2 6 379 668 667 120 383 382
2 6 652 667 668 357 382 383
2 6 668 359 652 383 74 357
2 6 667 652 353 382 357 118
2 6 61 301 304 380 666 669
2 6 280 304 301 651 669 666
2 6 301 55 280 666 353 651
2 6 304 280 12 669 651 356
2 6 380 666 669 121 381 384
2 6 651 669 666 355 384 381
2 6 666 353 651 381 118 355
2 6 669 651 356 384 355 73
2 6 77 375 377 388 670 672
2 6 376 377 375 671 672 670
2 6 375 120 376 670 389 671
2 6 377 376 121 672 671 390
2 6 388 670 672 28 385 387
2 6 671 672 670 386 387 385
2 6 670 389 671 385 75 386
2 6 672 671 390 387 386 76
2 6 118 381 382 368 673 674
2 6 376 382 381 671 674 673
2 6 381 121 376 673 390 671
2 6 382 376 120 674 671 389
2 6 368 673 674 70 391 392
2 6 671 674 673 386 392 391
2 6 673 390 671 391 76 386
2 6 674 671 389 392 386 75
2 6 120 383 382 389 675 674
2 6 357 382 383 661 674 675
2 6 383 74 357 675 374 661
2 6 382 357 118 674 661 368
2 6 389 675 674 75 393 392
2 6 661 674 675 372 392 393
2 6 675 374 661 393 29 372
2 6 674 661 368 392 372 70
2 6 121 381 384 390 673 676
2 6 355 384 381 660 676 673
2 6 381 118 355 673 368 660
2 6 384 355 73 676 660 371
2 6 390 673 676 76 391 394
2 6 660 676 673 370 394 391
2 6 673 368 660 391 70 370
2 6 676 660 371 394 370 27
2 6 12 315 304 356 677 669
2 6 316 304 315 678 669 677
2 6 315 63 316 677 397 678
2 6 304 316 61 669 678 380
2 6 356 677 669 73 395 384
2 6 678 669 677 396 384 395
2 6 677 397 678 395 122 396
2 6 669 678 380 384 396 121
2 6 64 318 319 400 679 680
2 6 316 319 318 678 680 679
2 6 318 61 316 679 380 678
2 6 319 316 63 680 678 397
2 6 400 679 680 123 398 399
2 6 678 680 679 396 399 398
2 6 679 380 678 398 121 396
2 6 680 678 397 399 396 122
2 6 63 321 319 397 681 680
2 6 322 319 321 682 680 681
2 6 321 4 322 681 403 682
2 6 319 322 64 680 682 400
2 6 397 681 680 122 401 399
2 6 682 680 681 402 399 401
2 6 681 403 682 401 80 402
2 6 680 682 400 399 402 123
2 6 61 318 297 380 679 665
2 6 324 297 318 683 665 679
2 6 318 64 324 679 400 683
2 6 297 324 13 665 683 378
2 6 380 679 665 121 398 377
2 6 683 665 679 404 377 398
2 6 679 400 683 398 123 404
2 6 665 683 378 377 404 77
2 6 73 395 384 371 684 676
2 6 396 384 395 685 676 684
2 6 395 122 396 684 407 685
2 6 384 396 121 676 685 390
2 6 371 684 676 27 405 394
2 6 685 676 684 406 394 405
2 6 684 407 685 405 78 406
2 6 676 685 390 394 406 76
2 6 123 398 399 410 686 687
2 6 396 399 398 685 687 686
2 6 398 121 396 686 390 685
2 6 399 396 122 687 685 407
2 6 410 686 687 79 408 409
2 6 685 687 686 406 409 408
2 6 686 390 685 408 76 406
2 6 687 685 407 409 406 78
2 6 122 401 399 407 688 687
2 6 402 399 401 689 687 688
2 6 401 80 402 688 413 689
2 6 399 402 123 687 689 410
2 6 407 688 687 78 411 409
2 6 689 687 688 412 409 411
2 6 688 413 689 411 22 412
2 6 687 689 410 409 412 79
2 6 121 398 377 390 686 672
2 6 404 377 398 690 672 686
2 6 398 123 404 686 410 690
2 6 377 404 77 672 690 388
2 6 390 686 672 76 408 387
2 6 690 672 686 414 387 408
2 6 686 410 690 408 79 414
2 6 672 690 388 387 414 28
2 6 14 303 336 359 668 692
2 6 335 336 303 691 692 668
2 6 303 60 335 668 379 691
2 6 336 335 67 692 691 417
2 6 359 668 692 74 383 416
2 6 691 692 668 415 416 383
2 6 668 379 691 383 120 415
2 6 692 691 417 416 415 125
2 6 66 338 339 420 693 694
2 6 335 339 338 691 694 693
2 6 338 67 335 693 417 691
2 6 339 335 60 694 691 379
2 6 420 693 694 124 418 419
2 6 691 694 693 415 419 418
2 6 693 417 691 418 125 415
2 6 694 691 379 419 415 120
2 6 60 295 339 379 663 694
2 6 341 339 295 695 694 663
2 6 295 13 341 663 378 695
2 6 339 341 66 694 695 420
2 6 379 663 694 120 375 419
2 6 695 694 663 421 419 375
2 6 663 378 695 375 77 421
2 6 694 695 420 419 421 124
2 6 67 338 343 417 693 697
2 6 342 343 338 696 697 693
2 6 338 66 342 693 420 696
2 6 343 342 7 697 696 424
2 6 417 693 697 125 418 423
2 6 696 697 693 422 423 418
2 6 693 420 696 418 124 422
2 6 697 696 424 423 422 83
2 6 74 383 416 374 675 699
2 6 415 416 383 698 699 675
2 6 383 120 415 675 389 698
2 6 416 415 125 699 698 427
2 6 374 675 699 29 393 426
2 6 698 699 675 425 426 393
2 6 675 389 698 393 75 425
2 6 699 698 427 426 425 82
2 6 124 418 419 430 700 701
2 6 415 419 418 698 701 700
2 6 418 125 415 700 427 698
2 6 419 415 120 701 698 389
2 6 430 700 701 81 428 429
2 6 698 701 700 425 429 428
2 6 700 427 698 428 82 425
2 6 701 698 389 429 425 75
2 6 120 375 419 389 670 701
2 6 421 419 375 702 701 670
2 6 375 77 421 670 388 702
2 6 419 421 124 701 702 430
2 6 389 670 701 75 385 429
2 6 702 701 670 431 429 385
2 6 670 388 702 385 28 431
2 6 701 702 430 429 431 81
2 6 125 418 423 427 700 704
2 6 422 423 418 703 704 700
2 6 418 124 422 700 430 703
2 6 423 422 83 704 703 434
2 6 427 700 704 82 428 433
2 6 703 704 700 432 433 428
2 6 700 430 703 428 81 432
2 6 704 703 434 433 432 23
2 6 21 360 362 438 705 707
2 6 361 362 360 706 707 705
2 6 360 69 361 705 439 706
2 6 362 361 71 707 706 440
2 6 438 705 707 87 435 437
2 6 706 707 705 436 437 435
2 6 705 439 706 435 126 436
2 6 707 706 440 437 436 128
2 6 70 366 367 443 708 709
2 6 361 367 366 706 709 708
2 6 366 71 361 708 440 706
2 6 367 361 69 709 706 439
2 6 443 708 709 127 441 442
2 6 706 709 708 436 442 441
2 6 708 440 706 441 128 436
2 6 709 706 439 442 436 126
2 6 69 369 367 439 710 709
2 6 370 367 369 711 709 710
2 6 369 27 370 710 446 711
2 6 367 370 70 709 711 443
2 6 439 710 709 126 444 442
2 6 711 709 710 445 442 444
2 6 710 446 711 444 88 445
2 6 709 711 443 442 445 127
2 6 71 366 373 440 708 713
2 6 372 373 366 712 713 708
2 6 366 70 372 708 443 712
2 6 373 372 29 713 712 449
2 6 440 708 713 128 441 448
2 6 712 713 708 447 448 441
2 6 708 443 712 441 127 447
2 6 713 712 449 448 447 89
2 6 87 435 437 453 714 716
2 6 436 437 435 715 716 714
2 6 435 126 436 714 454 715
2 6 437 436 128 716 715 455
2 6 453 714 716 2 450 452
2 6 715 716 714 451 452 450
2 6 714 454 715 450 84 451
2 6 716 715 455 452 451 86
2 6 127 441 442 458 717 718
2 6 436 442 441 715 718 717
2 6 441 128 436 717 455 715
2 6 442 436 126 718 715 454
2 6 458 717 718 85 456 457
2 6 715 718 717 451 457 456
2 6 717 455 715 456 86 451
2 6 718 715 454 457 451 84
2 6 126 444 442 454 719 718
2 6 445 442 444 720 718 719
2 6 444 88 445 719 461 720
2 6 442 445 127 718 720 458
2 6 454 719 718 84 459 457
2 6 720 718 719 460 457 459
2 6 719 461 720 459 18 460
2 6 718 720 458 457 460 85
2 6 128 441 448 455 717 722
2 6 447 448 441 721 722 717
2 6 441 127 447 717 458 721
2 6 448 447 89 722 721 464
2 6 455 717 722 86 456 463
2 6 721 722 717 462 463 456
2 6 717 458 721 456 85 462
2 6 722 721 464 463 462 20
2 6 28 385 387 468 723 725
2 6 386 387 385 724 725 723
2 6 385 75 386 723 469 724
2 6 387 386 76 725 724 470
2 6 468 723 725 92 465 467
2 6 724 725 723 466 467 465
2 6 723 469 724 465 129 466
2 6 725 724 470 467 466 130
2 6 70 391 392 443 726 727
2 6 386 392 391 724 727 726
2 6 391 76 386 726 470 724
2 6 392 386 75 727 724 469
2 6 443 726 727 127 471 472
2 6 724 727 726 466 472 471
2 6 726 470 724 471 130 466
2 6 727 724 469 472 466 129
2 6 75 393 392 469 728 727
2 6 372 392 393 712 727 728
2 6 393 29 372 728 449 712
2 6 392 372 70 727 712 443
2 6 469 728 727 129 473 472
2 6 712 727 728 447 472 473
2 6 728 449 712 473 89 447
2 6 727 712 443 472 447 127
2 6 76 391 394 470 726 729
2 6 370 394 391 711 729 726
2 6 391 70 370 726 443 711
2 6 394 370 27 729 711 446
2 6 470 726 729 130 471 474
2 6 711 729 726 445 474 471
2 6 726 443 711 471 127 445
2 6 729 711 446 474 445 88
2 6 92 465 467 478 730 732
2 6 466 467 465 731 732 730
2 6 465 129 466 730 479 731
2 6 467 466 130 732 731 480
2 6 478 730 732 19 475 477
2 6 731 732 730 476 477 475
2 6 730 479 731 475 90 476
2 6 732 731 480 477 476 91
2 6 127 471 472 458 733 734
2 6 466 472 471 731 734 733
2 6 471 130 466 733 480 731
2 6 472 466 129 734 731 479
2 6 458 733 734 85 481 482
2 6 731 734 733 476 482 481
2 6 733 480 731 481 91 476
2 6 734 731 479 482 476 90
2 6 129 473 472 479 735 734
2 6 447 472 473 721 734 735
2 6 473 89 447 735 464 721
2 6 472 447 127 734 721 458
2 6 479 735 734 90 483 482
2 6 721 734 735 462 482 483
2 6 735 464 721 483 20 462
2 6 734 721 458 482 462 85
2 6 130 471 474 480 733 736
2 6 445 474 471 720 736 733
2 6 471 127 445 733 458 720
2 6 474 445 88 736 720 461
2 6 480 733 736 91 481 484
2 6 720 736 733 460 484 481
2 6 733 458 720 481 85 460
2 6 736 720 461 484 460 18
2 6 27 405 394 446 737 729
2 6 406 394 405 738 729 737
2 6 405 78 406 737 487 738
2 6 394 406 76 729 738 470
2 6 446 737 729 88 485 474
2 6 738 729 737 486 474 485
2 6 737 487 738 485 131 486
2 6 729 738 470 474 486 130
2 6 79 408 409 490 739 740
2 6 406 409 408 738 740 739
2 6 408 76 406 739 470 738
2 6 409 406 78 740 738 487
2 6 490 739 740 132 488 489
2 6 738 740 739 486 489 488
2 6 739 470 738 488 130 486
2 6 740 738 487 489 486 131
2 6 78 411 409 487 741 740
2 6 412 409 411 742 740 741
2 6 411 22 412 741 493 742
2 6 409 412 79 740 742 490
2 6 487 741 740 131 491 489
2 6 742 740 741 492 489 491
2 6 741 493 742 491 95 492
2 6 740 742 490 489 492 132
2 6 76 408 387 470 739 725
2 6 414 387 408 743 725 739
2 6 408 79 414 739 490 743
2 6 387 414 28 725 743 468
2 6 470 739 725 130 488 467
2 6 743 725 739 494 467 488
2 6 739 490 743 488 132 494
2 6 725 743 468 467 494 92
2 6 88 485 474 461 744 736
2 6 486 474 485 745 736 744
2 6 485 131 486 744 497 745
2 6 474 486 130 736 745 480
2 6 461 744 736 18 495 484
2 6 745 736 744 496 484 495
2 6 744 497 745 495 93 496
2 6 736 745 480 484 496 91
2 6 132 488 489 500 746 747
2 6 486 489 488 745 747 746
2 6 488 130 486 746 480 745
2 6 489 486 131 747 745 497
2 6 500 746 747 94 498 499
2 6 745 747 746 496 499 498
2 6 746 480 745 498 91 496
2 6 747 745 497 499 496 93
2 6 131 491 489 497 748 747
2 6 492 489 491 749 747 748
2 6 491 95 492 748 503 749
2 6 489 492 132 747 749 500
2 6 497 748 747 93 501 499
2 6 749 747 748 502 499 501
2 6 748 503 749 501 5 502
2 6 747 749 500 499 502 94
2 6 130 488 467 480 746 732
2 6 494 467 488 750 732 746
2 6 488 132 494 746 500 750
2 6 467 494 92 732 750 478
2 6 480 746 732 91 498 477
2 6 750 732 746 504 477 498
2 6 746 500 750 498 94 504
2 6 732 750 478 477 504 19
2 6 29 393 426 449 728 752
2 6 425 426 393 751 752 728
2 6 393 75 425 728 469 751
2 6 426 425 82 752 751 507
2 6 449 728 752 89 473 506
2 6 751 752 728 505 506 473
2 6 728 469 751 473 129 505
2 6 752 751 507 506 505 134
2 6 81 428 429 510 753 754
2 6 425 429 428 751 754 753
2 6 428 82 425 753 507 751
2 6 429 425 75 754 751 469
2 6 510 753 754 133 508 509
2 6 751 754 753 505 509 508
2 6 753 507 751 508 134 505
2 6 754 751 469 509 505 129
2 6 75 385 429 469 723 754
2 6 431 429 385 755 754 723
2 6 385 28 431 723 468 755
2 6 429 431 81 754 755 510
2 6 469 723 754 129 465 509
2 6 755 754 723 511 509 465
2 6 723 468 755 465 92 511
2 6 754 755 510 509 511 133
2 6 82 428 433 507 753 757
2 6 432 433 428 756 757 753
2 6 428 81 432 753 510 756
2 6 433 432 23 757 756 514
2 6 507 753 757 134 508 513
2 6 756 757 753 512 513 508
2 6 753 510 756 508 133 512
2 6 757 756 514 513 512 98
2 6 89 473 506 464 735 759
2 6 505 506 473 758 759 735
2 6 473 129 505 735 479 758
2 6 506 505 134 759 758 517
2 6 464 735 759 20 483 516
2 6 758 759 735 515 516 483
2 6 735 479 758 483 90 515
2 6 759 758 517 516 515 97
2 6 133 508 509 520 760 761
2 6 505 509 508 758 761 760
2 6 508 134 505 760 517 758
2 6 509 505 129 761 758 479
2 6 520 760 761 96 518 519
2 6 758 761 760 515 519 518
2 6 760 517 758 518 97 515
2 6 761 758 479 519 515 90
2 6 129 465 509 479 730 761
2 6 511 509 465 762 761 730
2 6 465 92 511 730 478 762
2 6 509 511 133 761 762 520
2 6 479 730 761 90 475 519
2 6 762 761 730 521 519 475
2 6 730 478 762 475 19 521
2 6 761 762 520 519 521 96
2 6 134 508 513 517 760 764
2 6 512 513 508 763 764 760
2 6 508 133 512 760 520 763
2 6 513 512 98 764 763 524
2 6 517 760 764 97 518 523
2 6 763 764 760 522 523 518
2 6 760 520 763 518 96 522
2 6 764 763 524 523 522 8

boundary
512
2 2 2 450 452
2 2 451 452 450
2 2 450 84 451
2 2 452 451 86
2 2 85 456 457
2 2 451 457 456
2 2 456 86 451
2 2 457 451 84
2 2 84 459 457
2 2 460 457 459
2 2 459 18 460
2 2 457 460 85
2 2 86 456 463
2 2 462 463 456
2 2 456 85 462
2 2 463 462 20
2 2 19 475 477
2 2 476 477 475
2 2 475 90 476
2 2 477 476 91
2 2 85 481 482
2 2 476 482 481
2 2 481 91 476
2 2 482 476 90
2 2 90 483 482
2 2 462 482 483
2 2 483 20 462
2 2 482 462 85
2 2 91 481 484
2 2 460 484 481
2 2 481 85 460
2 2 484 460 18
2 2 18 495 484
2 2 496 484 495
2 2 495 93 496
2 2 484 496 91
2 2 94 498 499
2 2 496 499 498
2 2 498 91 496
2 2 499 496 93
2 2 93 501 499
2 2 502 499 501
2 2 501 5 502
2 2 499 502 94
2 2 91 498 477
2 2 504 477 498
2 2 498 94 504
2 2 477 504 19
2 2 20 483 516
2 2 515 516 483
2 2 483 90 515
2 2 516 515 97
2 2 96 518 519
2 2 515 519 518
2 2 518 97 515
2 2 519 515 90
2 2 90 475 519
2 2 521 519 475
2 2 475 19 521
2 2 519 521 96
2 2 97 518 523
2 2 522 523 518
2 2 518 96 522
2 2 523 522 8
3 3 0 135 525 141
3 3 135 30 142 525
3 3 525 142 99 138
3 3 141 525 138 42
3 3 30 149 530 142
3 3 149 9 153 530
3 3 530 153 43 151
3 3 142 530 151 99
3 3 99 151 539 163
3 3 151 43 170 539
3 3 539 170 24 168
3 3 163 539 168 39
3 3 42 138 534 162
3 3 138 99 163 534
3 3 534 163 39 159
3 3 162 534 159 15
3 3 9 201 557 153
3 3 201 35 205 557
3 3 557 205 104 203
3 3 153 557 203 43
3 3 35 211 561 205
3 3 211 3 215 561
3 3 561 215 50 213
3 3 205 561 213 104
3 3 104 213 568 220
3 3 213 50 226 568
3 3 568 226 16 224
3 3 220 568 224 48
3 3 43 203 564 170
3 3 203 104 220 564
3 3 564 220 48 218
3 3 170 564 218 24
3 3 24 218 617 266
3 3 218 48 307 617
3 3 617 307 113 305
3 3 266 617 305 58
3 3 48 224 621 307
3 3 224 16 313 621
3 3 621 313 65 311
3 3 307 621 311 113
3 3 113 311 628 317
3 3 311 65 323 628
3 3 628 323 4 321
3 3 317 628 321 63
3 3 58 305 624 281
3 3 305 113 317 624
3 3 624 317 63 315
3 3 281 624 315 12
3 3 15 159 585 258
3 3 159 39 259 585
3 3 585 259 108 255
3 3 258 585 255 57
3 3 39 168 590 259
3 3 168 24 266 590
3 3 590 266 58 264
3 3 259 590 264 108
3 3 108 264 599 274
3 3 264 58 281 599
3 3 599 281 12 279
3 3 274 599 279 54
3 3 57 255 594 273
3 3 255 108 274 594
3 3 594 274 54 270
3 3 273 594 270 1
3 3 1 270 645 348
3 3 270 54 349 645
3 3 645 349 117 345
3 3 348 645 345 72
3 3 54 279 650 349
3 3 279 12 356 650
3 3 650 356 73 354
3 3 349 650 354 117
3 3 117 354 659 364
3 3 354 73 371 659
3 3 659 371 27 369
3 3 364 659 369 69
3 3 72 345 654 363
3 3 345 117 364 654
3 3 654 364 69 360
3 3 363 654 360 21
3 3 12 315 677 356
3 3 315 63 397 677
3 3 677 397 122 395
3 3 356 677 395 73
3 3 63 321 681 397
3 3 321 4 403 681
3 3 681 403 80 401
3 3 397 681 401 122
3 3 122 401 688 407
3 3 401 80 413 688
3 3 688 413 22 411
3 3 407 688 411 78
3 3 73 395 684 371
3 3 395 122 407 684
3 3 684 407 78 405
3 3 371 684 405 27
3 3 27 405 737 446
3 3 405 78 487 737
3 3 737 487 131 485
3 3 446 737 485 88
3 3 78 411 741 487
3 3 411 22 493 741
3 3 741 493 95 491
3 3 487 741 491 131
3 3 131 491 748 497
3 3 491 95 503 748
3 3 748 503 5 501
3 3 497 748 501 93
3 3 88 485 744 461
3 3 485 131 497 744
3 3 744 497 93 495
3 3 461 744 495 18
3 3 21 360 705 438
3 3 360 69 439 705
3 3 705 439 126 435
3 3 438 705 435 87
3 3 69 369 710 439
3 3 369 27 446 710
3 3 710 446 88 444
3 3 439 710 444 126
3 3 126 444 719 454
3 3 444 88 461 719
3 3 719 461 18 459
3 3 454 719 459 84
3 3 87 435 714 453
3 3 435 126 454 714
3 3 714 454 84 450
3 3 453 714 450 2
3 3 6 241 577 244
3 3 241 38 232 577
3 3 577 232 107 243
3 3 244 577 243 53
3 3 38 229 572 232
3 3 229 11 158 572
3 3 572 158 44 231
3 3 232 572 231 107
3 3 107 231 579 247
3 3 231 44 173 579
3 3 579 173 26 246
3 3 247 579 246 52
3 3 53 243 584 254
3 3 243 107 247 584
3 3 584 247 52 253
3 3 254 584 253 17
3 3 11 155 533 158
3 3 155 32 143 533
3 3 533 143 101 157
3 3 158 533 157 44
3 3 32 137 527 143
3 3 137 0 141 527
3 3 527 141 42 140
3 3 143 527 140 101
3 3 101 140 536 164
3 3 140 42 162 536
3 3 536 162 15 161
3 3 164 536 161 41
3 3 44 157 542 173
3 3 157 101 164 542
3 3 542 164 41 172
3 3 173 542 172 26
3 3 26 172 593 269
3 3 172 41 260 593
3 3 593 260 110 268
3 3 269 593 268 59
3 3 41 161 587 260
3 3 161 15 258 587
3 3 587 258 57 257
3 3 260 587 257 110
3 3 110 257 596 275
3 3 257 57 273 596
3 3 596 273 1 272
3 3 275 596 272 56
3 3 59 268 602 284
3 3 268 110 275 602
3 3 602 275 56 283
3 3 284 602 283 14
3 3 17 253 637 334
3 3 253 52 327 637
3 3 637 327 116 333
3 3 334 637 333 68
3 3 52 246 632 327
3 3 246 26 269 632
3 3 632 269 59 326
3 3 327 632 326 116
3 3 116 326 639 337
3 3 326 59 284 639
3 3 639 284 14 336
3 3 337 639 336 67
3 3 68 333 644 344
3 3 333 116 337 644
3 3 644 337 67 343
3 3 344 644 343 7
3 3 7 343 697 424
3 3 343 67 417 697
3 3 697 417 125 423
3 3 424 697 423 83
3 3 67 336 692 417
3 3 336 14 359 692
3 3 692 359 74 416
3 3 417 692 416 125
3 3 125 416 699 427
3 3 416 74 374 699
3 3 699 374 29 426
3 3 427 699 426 82
3 3 83 423 704 434
3 3 423 125 427 704
3 3 704 427 82 433
3 3 434 704 433 23
3 3 14 283 653 359
3 3 283 56 350 653
3 3 653 350 119 358
3 3 359 653 358 74
3 3 56 272 647 350
3 3 272 1 348 647
3 3 647 348 72 347
3 3 350 647 347 119
3 3 119 347 656 365
3 3 347 72 363 656
3 3 656 363 21 362
3 3 365 656 362 71
3 3 74 358 662 374
3 3 358 119 365 662
3 3 662 365 71 373
3 3 374 662 373 29
3 3 29 373 713 449
3 3 373 71 440 713
3 3 713 440 128 448
3 3 449 713 448 89
3 3 71 362 707 440
3 3 362 21 438 707
3 3 707 438 87 437
3 3 440 707 437 128
3 3 128 437 716 455
3 3 437 87 453 716
3 3 716 453 2 452
3 3 455 716 452 86
3 3 89 448 722 464
3 3 448 128 455 722
3 3 722 455 86 463
3 3 464 722 463 20
3 3 23 433 757 514
3 3 433 82 507 757
3 3 757 507 134 513
3 3 514 757 513 98
3 3 82 426 752 507
3 3 426 29 449 752
3 3 752 449 89 506
3 3 507 752 506 134
3 3 134 506 759 517
3 3 506 89 464 759
3 3 759 464 20 516
3 3 517 759 516 97
3 3 98 513 764 524
3 3 513 134 517 764
3 3 764 517 97 523
3 3 524 764 523 8
3 3 3 212 562 215
3 3 212 36 210 562
3 3 562 210 105 214
3 3 215 562 214 50
3 3 36 216 563 210
3 3 216 10 180 563
3 3 563 180 47 217
3 3 210 563 217 105
3 3 105 217 570 223
3 3 217 47 194 570
3 3 570 194 25 227
3 3 223 570 227 49
3 3 50 214 569 226
3 3 214 105 223 569
3 3 569 223 49 225
3 3 226 569 225 16
3 3 10 238 575 180
3 3 238 37 237 575
3 3 575 237 106 239
3 3 180 575 239 47
3 3 37 240 576 237
3 3 240 6 244 576
3 3 576 244 53 242
3 3 237 576 242 106
3 3 106 242 583 250
3 3 242 53 254 583
3 3 583 254 17 252
3 3 250 583 252 51
3 3 47 239 582 194
3 3 239 106 250 582
3 3 582 250 51 251
3 3 194 582 251 25
3 3 25 251 635 288
3 3 251 51 330 635
3 3 635 330 115 331
3 3 288 635 331 62
3 3 51 252 636 330
3 3 252 17 334 636
3 3 636 334 68 332
3 3 330 636 332 115
3 3 115 332 643 340
3 3 332 68 344 643
3 3 643 344 7 342
3 3 340 643 342 66
3 3 62 331 642 298
3 3 331 115 340 642
3 3 642 340 66 341
3 3 298 642 341 13
3 3 16 225 622 313
3 3 225 49 310 622
3 3 622 310 114 312
3 3 313 622 312 65
3 3 49 227 623 310
3 3 227 25 288 623
3 3 623 288 62 314
3 3 310 623 314 114
3 3 114 314 630 320
3 3 314 62 298 630
3 3 630 298 13 324
3 3 320 630 324 64
3 3 65 312 629 323
3 3 312 114 320 629
3 3 629 320 64 322
3 3 323 629 322 4
3 3 4 322 682 403
3 3 322 64 400 682
3 3 682 400 123 402
3 3 403 682 402 80
3 3 64 324 683 400
3 3 324 13 378 683
3 3 683 378 77 404
3 3 400 683 404 123
3 3 123 404 690 410
3 3 404 77 388 690
3 3 690 388 28 414
3 3 410 690 414 79
3 3 80 402 689 413
3 3 402 123 410 689
3 3 689 410 79 412
3 3 413 689 412 22
3 3 13 341 695 378
3 3 341 66 420 695
3 3 695 420 124 421
3 3 378 695 421 77
3 3 66 342 696 420
3 3 342 7 424 696
3 3 696 424 83 422
3 3 420 696 422 124
3 3 124 422 703 430
3 3 422 83 434 703
3 3 703 434 23 432
3 3 430 703 432 81
3 3 77 421 702 388
3 3 421 124 430 702
3 3 702 430 81 431
3 3 388 702 431 28
3 3 28 431 755 468
3 3 431 81 510 755
3 3 755 510 133 511
3 3 468 755 511 92
3 3 81 432 756 510
3 3 432 23 514 756
3 3 756 514 98 512
3 3 510 756 512 133
3 3 133 512 763 520
3 3 512 98 524 763
3 3 763 524 8 522
3 3 520 763 522 96
3 3 92 511 762 478
3 3 511 133 520 762
3 3 762 520 96 521
3 3 478 762 521 19
3 3 22 412 742 493
3 3 412 79 490 742
3 3 742 490 132 492
3 3 493 742 492 95
3 3 79 414 743 490
3 3 414 28 468 743
3 3 743 468 92 494
3 3 490 743 494 132
3 3 132 494 750 500
3 3 494 92 478 750
3 3 750 478 19 504
3 3 500 750 504 94
3 3 95 492 749 503
3 3 492 132 500 749
3 3 749 500 94 502
3 3 503 749 502 5
4 2 0 137 135
4 2 31 145 144
4 2 30 145 149
4 2 32 155 144
4 2 10 176 174
4 2 31 184 183
4 2 33 184 187
4 2 34 189 183
4 2 9 189 201
4 2 36 207 206
4 2 35 207 211
4 2 34 176 206
4 2 11 229 187
4 2 37 234 233
4 2 33 234 174
4 2 38 241 233
4 2 136 135 137
4 2 135 136 30
4 2 137 32 136
4 2 136 144 145
4 2 144 136 32
4 2 145 30 136
4 2 150 149 145
4 2 149 150 9
4 2 145 31 150
4 2 154 144 155
4 2 144 154 31
4 2 155 11 154
4 2 175 174 176
4 2 174 175 33
4 2 176 34 175
4 2 175 183 184
4 2 183 175 34
4 2 184 33 175
4 2 154 187 184
4 2 187 154 11
4 2 184 31 154
4 2 150 183 189
4 2 183 150 31
4 2 189 9 150
4 2 202 201 189
4 2 201 202 35
4 2 189 34 202
4 2 202 206 207
4 2 206 202 34
4 2 207 35 202
4 2 212 211 207
4 2 211 212 3
4 2 207 36 212
4 2 216 206 176
4 2 206 216 36
4 2 176 10 216
4 2 228 187 229
4 2 187 228 33
4 2 229 38 228
4 2 228 233 234
4 2 233 228 38
4 2 234 33 228
4 2 238 174 234
4 2 174 238 10
4 2 234 37 238
4 2 240 233 241
4 2 233 240 37
4 2 241 6 240

vertices
765

nodes
FiniteElementSpace
FiniteElementCollection: H1_3D_P1
VDim: 3
Ordering: 1

5.8476383 -0.0053464967 -0.6326134
6.8121655 -0.0026912356 -1.1613176
7.8002825 0.0011544813 -1.7632937
5.8476383 1.0053465 -0.6326134
6.8121655 1.0026912 -1.1613176
7.8002825 0.99884552 -1.7632937
6.3042783 0.5 0.35791714
7.3752146 0.5 -0.16609279
8.3986318 0.5 -0.76105193
5.8466498 0.5 -0.63635717
6.0765903 0.74853829 -0.1337952
6.0765903 0.25146171 -0.1337952
6.8111821 0.5 -1.1632065
7.0943285 0.74927023 -0.6619338
7.0943285 0.25072977 -0.6619338
6.3269487 -0.0040104477 -0.8836761
6.3269487 1.0040104 -0.8836761
6.8456598 0.5 0.10921961
7.7985307 0.5 -1.7625316
8.1005574 0.74926116 -1.2607619
8.1005574 0.25073884 -1.2607619
7.3033186 -0.0013985144 -1.4566824
7.3033186 1.0013985 -1.4566824
7.8927633 0.5 -0.45913094
6.3259625 0.5 -0.88648473
6.586934 0.74890367 -0.38456343
6.586934 0.25109633 -0.38456343
7.3021474 0.5 -1.4576927
7.598849 0.74964912 -0.95710264
7.598849 0.25035088 -0.95710264
5.846944 0.24727577 -0.63533934
5.9622296 0.37463541 -0.3842282
5.9631996 0.12388909 -0.38219904
6.0757859 0.5 -0.13486522
5.9622296 0.62536459 -0.3842282
5.846944 0.75272423 -0.63533934
5.9631996 0.87611091 -0.38219904
6.1896194 0.6231464 0.1128461
6.1896194 0.3768536 0.1128461
6.326256 0.24795642 -0.88572105
6.4570572 0.37472655 -0.6348882
6.4580259 0.12416673 -0.63336556
6.0865548 -0.0046782029 -0.75426609
6.085567 0.5 -0.75754195
6.3321316 0.25127901 -0.25530021
6.5861301 0.5 -0.38536648
6.4570572 0.62527345 -0.6348882
6.3321316 0.74872099 -0.25530021
6.326256 0.75204358 -0.88572105
6.4580259 0.87583327 -0.63336556
6.0865548 1.0046782 -0.75426609
6.7154817 0.62360978 -0.1370833
6.7154817 0.37639022 -0.1370833
6.5764466 0.5 0.23744798
6.8114795 0.24862334 -1.1626922
6.9533639 0.37481382 -0.91214487
6.9543276 0.12443802 -0.91111854
6.5688191 -0.0033458642 -1.0197318
6.5678361 0.5 -1.0220762
6.8409983 0.2509135 -0.52047674
7.0935233 0.5 -0.66247677
6.9533639 0.62518618 -0.91214487
6.8409983 0.7490865 -0.52047674
6.8114795 0.75137666 -1.1626922
6.9543276 0.87556198 -0.91111854
6.5688191 1.0033459 -1.0197318
7.233954 0.62407433 -0.41362784
7.233954 0.37592567 -0.41362784
7.1119182 0.5 -0.025661882
7.3025171 0.24926643 -1.4574189
7.4511617 0.37488853 -1.2071589
7.452228 0.12470171 -1.2066345
7.0569922 -0.0020535587 -1.3073211
7.0559751 0.5 -1.3087708
7.3469374 0.25054319 -0.80783556
7.5979907 0.5 -0.95736593
7.4511617 0.62511147 -1.2071589
7.3469374 0.74945681 -0.80783556
7.3025171 0.75073357 -1.4574189
7.452228 0.87529829 -1.2066345
7.0569922 1.0020536 -1.3073211
7.7449756 0.62454872 -0.70794128
7.7449756 0.37545128 -0.70794128
7.6355183 0.5 -0.31096514
7.7989081 0.25081947 -1.7627849
7.9504878 0.37548328 -1.5114384
7.9522042 0.1261393 -1.5121589
7.5511374 -0.00049166211 -1.6086096
7.5496081 0.5 -1.6090143
7.8500764 0.2501843 -1.1086421
8.0993678 0.5 -1.2603996
7.9504878 0.62451672 -1.5114384
7.8500764 0.7498157 -1.1086421
7.7989081 0.74918053 -1.7627849
7.9522042 0.8738607 -1.5121589
7.5511374 1.0004917 -1.6086096
8.24846 0.62483027 -1.010475
8.24846 0.37516973 -1.010475
8.1469884 0.5 -0.60935185
6.0858609 0.24761629 -0.75665132
6.2094587 0.37468099 -0.50567911
6.2104283 0.12402797 -0.50390354
6.3313274 0.5 -0.25623652
6.2094587 0.62531901 -0.50567911
6.0858609 0.75238371 -0.75665132
6.2104283 0.87597203 -0.50390354
6.4534741 0.6233781 -0.00823914
6.4534741 0.3766219 -0.00823914
6.5681295 0.24829402 -1.0214385
6.7050255 0.37477145 -0.7707465
6.7059917 0.12430437 -0.76947461
6.8401945 0.5 -0.52114806
6.7050255 0.62522855 -0.7707465
6.5681295 0.75170598 -1.0214385
6.7059917 0.87569563 -0.76947461
6.9756422 0.62384164 -0.27258034
6.9756422 0.37615836 -0.27258034
7.056292 0.24893795 -1.3083754
7.2020739 0.37485073 -1.0579775
7.2030501 0.12456456 -1.0571914
7.3461221 0.5 -0.80825174
7.2020739 0.62514927 -1.0579775
7.056292 0.75106205 -1.3083754
7.2030501 0.87543544 -1.0571914
7.4904084 0.62430936 -0.55912457
7.4904084 0.37569064 -0.55912457
7.5500257 0.24980769 -1.6089209
7.7006549 0.37500065 -1.3586744
7.7020359 0.1249893 -1.3585696
7.849065 0.5 -1.1086319
7.7006549 0.62499935 -1.3586744
7.5500257 0.75019231 -1.6089209
7.7020359 0.8750107 -1.3585696
7.9975939 0.62479706 -0.85883311
7.9975939 0.37520294 -0.85883311
5.8472722 0.1209511 -0.63412396
5.9052861 0.18529463 -0.50855152
5.9057832 0.059385235 -0.50712535
6.0861888 0.1214572 -0.75558784
6.1483588 0.18557031 -0.63008697
6.1488558 0.05977458 -0.62883904
5.9669118 -0.0050123399 -0.69240073
5.9662177 0.24744603 -0.69495629
6.0867678 0.12395852 -0.44201227
5.9626007 0.24926484 -0.38345909
5.9049227 0.3111834 -0.50955574
6.2098295 0.24935675 -0.5050061
6.1479957 0.31134799 -0.63096569
6.0857979 0.37465819 -0.4439146
5.8467258 0.37363014 -0.63609977
5.904732 0.43706206 -0.51006971
6.0856429 0.37380137 -0.75731671
6.1478052 0.4371168 -0.63141544
5.9659237 0.5 -0.69591051
6.0194234 0.31275979 -0.25881303
6.0200617 0.18793607 -0.25776553
6.2708084 0.31272734 -0.38031582
6.2714467 0.18788157 -0.37939923
6.2044533 0.25137035 -0.19350866
6.3265833 0.12196285 -0.88480927
6.392355 0.18584577 -0.75938011
6.3928514 0.060163619 -0.75831014
6.2065671 -0.0043441677 -0.81807082
6.2058736 0.24778648 -0.8202858
6.3341811 0.1240974 -0.56773421
6.4574277 0.24944862 -0.634311
6.3919925 0.3115124 -0.76013361
6.3332117 0.37470379 -0.56938318
6.3260383 0.37397235 -0.88629159
6.3918022 0.43717148 -0.7605193
6.20558 0.5 -0.8211129
6.5220088 0.3126949 -0.50957678
6.5226466 0.18782708 -0.50879073
6.4596252 0.25118767 -0.31903132
6.0759874 0.62427098 -0.13459931
6.0191011 0.56241323 -0.25933593
6.0194234 0.68724021 -0.25881303
6.3315288 0.6243621 -0.25600384
6.2704862 0.56242407 -0.38077338
6.2708084 0.68727266 -0.38031582
6.2044533 0.74862965 -0.19350866
6.203649 0.5 -0.19451179
6.0857979 0.62534181 -0.4439146
5.9621039 0.5 -0.38448678
6.0191011 0.43758677 -0.25933593
6.209333 0.5 -0.50590538
6.2704862 0.43757593 -0.38077338
6.0759874 0.37572902 -0.13459931
6.3315288 0.3756379 -0.25600384
5.904732 0.56293794 -0.51006971
6.1478052 0.5628832 -0.63141544
6.5863314 0.6244532 -0.3851669
6.5216868 0.5624349 -0.50996925
6.5220088 0.6873051 -0.50957678
6.4596252 0.74881233 -0.31903132
6.4588211 0.5 -0.3199009
6.3332117 0.62529621 -0.56938318
6.4569318 0.5 -0.63508227
6.5216868 0.4375651 -0.50996925
6.5863314 0.3755468 -0.3851669
6.3918022 0.56282852 -0.7605193
5.8467258 0.62636986 -0.63609977
5.9049227 0.6888166 -0.50955574
6.0856429 0.62619863 -0.75731671
6.1479957 0.68865201 -0.63096569
5.9662177 0.75255397 -0.69495629
5.9626007 0.75073516 -0.38345909
5.9052861 0.81470537 -0.50855152
6.2098295 0.75064325 -0.5050061
6.1483588 0.81442969 -0.63008697
6.0867678 0.87604148 -0.44201227
5.8472722 0.8790489 -0.63412396
5.9057832 0.94061476 -0.50712535
6.0861888 0.8785428 -0.75558784
6.1488558 0.94022542 -0.62883904
5.9669118 1.0050123 -0.69240073
6.0200617 0.81206393 -0.25776553
6.2714467 0.81211843 -0.37939923
6.3260383 0.62602765 -0.88629159
6.3919925 0.6884876 -0.76013361
6.2058736 0.75221352 -0.8202858
6.4574277 0.75055138 -0.634311
6.392355 0.81415423 -0.75938011
6.3341811 0.8759026 -0.56773421
6.3265833 0.87803715 -0.88480927
6.3928514 0.93983638 -0.75831014
6.2065671 1.0043442 -0.81807082
6.5226466 0.81217292 -0.50879073
6.1325395 0.43814584 -0.010805055
6.1330262 0.31443772 -0.010264935
6.3922376 0.43806511 -0.13205889
6.3927241 0.31419551 -0.13158627
6.3217777 0.37673775 0.053342566
6.1893328 0.5 0.11257989
6.1325395 0.56185416 -0.010805055
6.4531875 0.5 -0.0084720767
6.3922376 0.56193489 -0.13205889
6.3217777 0.62326225 0.053342566
6.1330262 0.68556228 -0.010264935
6.3927241 0.68580449 -0.13158627
6.2466224 0.56128903 0.23555818
6.2466224 0.43871097 0.23555818
6.5146339 0.5614404 0.11475892
6.5146339 0.4385596 0.11475892
6.4407319 0.5 0.29872168
6.6506426 0.43798438 -0.26107156
6.6511291 0.31395331 -0.26066621
6.5847088 0.37650607 -0.071760549
6.7151951 0.5 -0.13728308
6.6506426 0.56201562 -0.26107156
6.5847088 0.62349393 -0.071760549
6.6511291 0.68604669 -0.26066621
6.7802443 0.56159173 -0.013799459
6.7802443 0.43840827 -0.013799459
6.7114225 0.5 0.17423451
6.568456 0.12246552 -1.0206774
6.6372744 0.18611931 -0.89532064
6.6377686 0.060550563 -0.89442746
6.4476994 -0.0036774509 -0.95094287
6.447008 0.24812579 -0.95281825
6.5819628 0.12423582 -0.7006587
6.7053952 0.24953946 -0.77026423
6.6369129 0.31167536 -0.89594989
6.5809951 0.37474916 -0.70205553
6.567912 0.37414184 -1.0219149
6.6367229 0.43722561 -0.89627207
6.4467147 0.5 -0.95351874
6.7730249 0.31266202 -0.64548742
6.7736617 0.18777214 -0.64483061
6.7140583 0.25100496 -0.45175805
6.8118067 0.12295839 -1.162079
6.8831172 0.18638621 -1.0367965
6.8836075 0.060930701 -1.0360768
6.6903078 -0.0030167073 -1.0899033
6.6896204 0.24846023 -1.0914428
6.830113 0.12437196 -0.8396742
6.953734 0.24962632 -0.91175561
6.8827551 0.31183329 -1.0373039
6.8291484 0.37479314 -0.84082246
6.8112592 0.37430655 -1.1630764
6.8825637 0.43727786 -1.0375638
6.6893259 0.5 -1.0920183
7.0238603 0.31262709 -0.78694019
7.0244959 0.18771525 -0.78640945
6.9677546 0.25082183 -0.59058127
6.8403959 0.62454449 -0.52098117
6.7727033 0.56244593 -0.64581551
6.7730249 0.68733798 -0.64548742
6.7140583 0.74899504 -0.45175805
6.7132545 0.5 -0.45249493
6.5809951 0.62525084 -0.70205553
6.7049002 0.5 -0.77090869
6.7727033 0.43755407 -0.64581551
6.8403959 0.37545551 -0.52098117
6.6367229 0.56277439 -0.89627207
7.0937253 0.62463667 -0.6623418
7.0235381 0.56245782 -0.7872053
7.0238603 0.68737291 -0.78694019
6.9677546 0.74917817 -0.59058127
6.9669506 0.5 -0.5911879
6.8291484 0.62520686 -0.84082246
6.9532381 0.5 -0.91227579
7.0235381 0.43754218 -0.7872053
7.0937253 0.37536333 -0.6623418
6.8825637 0.56272214 -1.0375638
6.567912 0.62585816 -1.0219149
6.6369129 0.68832464 -0.89594989
6.447008 0.75187421 -0.95281825
6.7053952 0.75046054 -0.77026423
6.6372744 0.81388069 -0.89532064
6.5819628 0.87576418 -0.7006587
6.568456 0.87753448 -1.0206774
6.6377686 0.93944944 -0.89442746
6.4476994 1.0036775 -0.95094287
6.7736617 0.81222786 -0.64483061
6.8112592 0.62569345 -1.1630764
6.8827551 0.68816671 -1.0373039
6.6896204 0.75153977 -1.0914428
6.953734 0.75037368 -0.91175561
6.8831172 0.81361379 -1.0367965
6.830113 0.87562804 -0.8396742
6.8118067 0.87704161 -1.162079
6.8836075 0.9390693 -1.0360768
6.6903078 1.0030167 -1.0899033
7.0244959 0.81228475 -0.78640945
6.9077548 0.43790356 -0.39673674
6.9082417 0.31371098 -0.3963979
6.8457929 0.37627434 -0.20406922
6.9753552 0.5 -0.27274728
6.9077548 0.56209644 -0.39673674
6.8457929 0.62372566 -0.20406922
6.9082417 0.68628902 -0.3963979
7.0434531 0.56174319 -0.14901109
7.0434531 0.43825681 -0.14901109
6.9791585 0.5 0.042541474
7.1635751 0.43782236 -0.53795159
7.1640641 0.31346796 -0.53767756
7.1050295 0.37604219 -0.34247902
7.233665 0.5 -0.41376263
7.1635751 0.56217764 -0.53795159
7.1050295 0.62395781 -0.34247902
7.1640641 0.68653204 -0.53767756
7.3042548 0.56189534 -0.2897735
7.3042548 0.43810466 -0.2897735
7.2439378 0.5 -0.095252607
7.0566325 0.12343352 -1.3079046
7.1298859 0.18664076 -1.1826997
7.1303784 0.061299472 -1.1821484
6.934393 -0.002370427 -1.2338358
6.9337047 0.24878243 -1.2350486
7.0786382 0.12450211 -0.98366956
7.2024536 0.24970472 -1.0576801
7.1295116 0.31198186 -1.1830882
7.0776723 0.37483306 -0.9845756
7.0560579 0.37446302 -1.3086707
7.1293107 0.43732665 -1.1832872
6.9334007 0.5 -1.2355029
7.2745264 0.31258687 -0.93283331
7.275167 0.18765393 -0.93242558
7.2207218 0.25063703 -0.73439719
7.3029118 0.1239225 -1.4570895
7.3775925 0.1869062 -1.3319601
7.3781324 0.061685381 -1.3315808
7.1799663 -0.0017350443 -1.3816426
7.1792338 0.24909455 -1.3825402
7.327574 0.12462817 -1.1315533
7.4515856 0.24978576 -1.2069646
7.3771659 0.31213868 -1.3322236
7.3265697 0.37486786 -1.1322156
7.3022439 0.37462918 -1.4576238
7.376934 0.43737878 -1.3323567
7.178895 0.5 -1.3828767
7.5250498 0.31254271 -1.0820851
7.5257319 0.18759332 -1.0818163
7.4729788 0.2504478 -0.88211483
7.3463274 0.62473157 -0.80814884
7.2741978 0.56247194 -0.93303558
7.2745264 0.68741313 -0.93283331
7.2207218 0.74936297 -0.73439719
7.2199136 0.5 -0.73487722
7.0776723 0.62516694 -0.9845756
7.2019436 0.5 -1.0580773
7.2741978 0.43752806 -0.93303558
7.3463274 0.37526843 -0.80814884
7.1293107 0.56267335 -1.1832872
7.5982087 0.62483149 -0.95730323
7.5246911 0.56248791 -1.0822121
7.5250498 0.68745729 -1.0820851
7.4729788 0.7495522 -0.88211483
7.4721489 0.5 -0.88246188
7.3265697 0.62513214 -1.1322156
7.4510143 0.5 -1.2072229
7.5246911 0.43751209 -1.0822121
7.5982087 0.37516851 -0.95730323
7.376934 0.56262122 -1.3323567
7.0560579 0.62553698 -1.3086707
7.1295116 0.68801814 -1.1830882
6.9337047 0.75121757 -1.2350486
7.2024536 0.75029528 -1.0576801
7.1298859 0.81335924 -1.1826997
7.0786382 0.87549789 -0.98366956
7.0566325 0.87656648 -1.3079046
7.1303784 0.93870053 -1.1821484
6.934393 1.0023704 -1.2338358
7.275167 0.81234608 -0.93242558
7.3022439 0.62537082 -1.4576238
7.3771659 0.68786132 -1.3322236
7.1792338 0.75090545 -1.3825402
7.4515856 0.75021424 -1.2069646
7.3775925 0.8130938 -1.3319601
7.327574 0.87537183 -1.1315533
7.3029118 0.8760775 -1.4570895
7.3781324 0.93831462 -1.3315808
7.1799663 1.001735 -1.3816426
7.5257319 0.81240668 -1.0818163
7.4181031 0.4377401 -0.68361578
7.4185992 0.31322269 -0.68340613
7.3624145 0.37580858 -0.48588926
7.4901143 0.5 -0.55922702
7.4181031 0.5622599 -0.68361578
7.3624145 0.62419142 -0.48588926
7.4185992 0.68677731 -0.68340613
7.5626289 0.56204953 -0.43498227
7.5626289 0.43795047 -0.43498227
7.505744 0.5 -0.23804384
7.6713261 0.43765546 -0.83260942
7.6718378 0.31297102 -0.83247858
7.6179312 0.37557162 -0.63319166
7.7446768 0.5 -0.70800409
7.6713261 0.56234454 -0.83260942
7.6179312 0.62442838 -0.63319166
7.6718378 0.68702898 -0.83247858
7.8185329 0.56220641 -0.58349369
7.8185329 0.43779359 -0.58349369
7.7645273 0.5 -0.38471163
7.5505293 0.12465814 -1.6087861
7.6262704 0.18735693 -1.4836793
7.6270095 0.062278533 -1.4835416
7.4270481 -0.0010068821 -1.5323495
7.4261224 0.24948546 -1.5329036
7.5770396 0.12480661 -1.2823319
7.7011934 0.24998966 -1.3586446
7.6257242 0.3124331 -1.4837557
7.5758547 0.37492387 -1.2826833
7.5497128 0.37491923 -1.6089924
7.6254446 0.43748201 -1.483789
7.42572 0.5 -1.5331022
7.775445 0.31256166 -1.2336279
7.776296 0.18761871 -1.2336081
7.7245487 0.25025566 -1.0326639
7.7994263 0.1261111 -1.7630783
7.8758632 0.18847192 -1.6375107
7.8769064 0.06363166 -1.637955
7.6755397 0.00025615288 -1.6855295
7.674231 0.25028898 -1.6854608
7.8271793 0.12534225 -1.4352776
7.951076 0.25091599 -1.5116738
7.875269 0.31312155 -1.6372286
7.8255538 0.37517065 -1.4350114
7.7986228 0.37543009 -1.7625955
7.8749872 0.43771261 -1.6370896
7.6738293 0.5 -1.6854007
8.0255485 0.3132431 -1.3859359
8.0266261 0.1885026 -1.3863672
7.9754309 0.25022603 -1.1848105
7.8493278 0.6249175 -1.108636
7.7749975 0.56247941 -1.2336312
7.775445 0.68743834 -1.2336279
7.7245487 0.74974434 -1.0326639
7.7236367 0.5 -1.0328133
7.5758547 0.62507613 -1.2826833
7.7004728 0.5 -1.3586836
7.7749975 0.43752059 -1.2336312
7.8493278 0.3750825 -1.108636
7.6254446 0.56251799 -1.483789
8.0996479 0.62452638 -1.2604628
8.0250655 0.56223804 -1.3857804
8.0255485 0.6867569 -1.3859359
7.9754309 0.74977397 -1.1848105
7.9742711 0.5 -1.184603
7.8255538 0.62482935 -1.4350114
7.9502997 0.5 -1.511365
8.0250655 0.43776196 -1.3857804
8.0996479 0.37547362 -1.2604628
7.8749872 0.56228739 -1.6370896
7.5497128 0.62508077 -1.6089924
7.6257242 0.6875669 -1.4837557
7.4261224 0.75051454 -1.5329036
7.7011934 0.75001034 -1.3586446
7.6262704 0.81264307 -1.4836793
7.5770396 0.87519339 -1.2823319
7.5505293 0.87534186 -1.6087861
7.6270095 0.93772147 -1.4835416
7.4270481 1.0010069 -1.5323495
7.776296 0.81238129 -1.2336081
7.7986228 0.62456991 -1.7625955
7.875269 0.68687845 -1.6372286
7.674231 0.74971102 -1.6854608
7.951076 0.74908401 -1.5116738
7.8758632 0.81152808 -1.6375107
7.8271793 0.87465775 -1.4352776
7.7994263 0.8738889 -1.7630783
7.8769064 0.93636834 -1.637955
7.6755397 0.99974385 -1.6855295
8.0266261 0.8114974 -1.3863672
7.923177 0.43756539 -0.98369975
7.9237282 0.31270966 -0.98370461
7.8715317 0.37532901 -0.78321233
7.997304 0.5 -0.85883683
7.923177 0.56243461 -0.98369975
7.8715317 0.62467099 -0.78321233
7.9237282 0.68729034 -0.98370461
8.0719583 0.56235878 -0.73404853
8.0719583 0.43764122 -0.73404853
8.0202337 0.5 -0.53406202
8.1737272 0.4376921 -1.1353279
8.1743807 0.31292942 -1.1354493
8.123199 0.3750775 -0.93463589
8.2481108 0.5 -1.0105072
8.1737272 0.5623079 -1.1353279
8.123199 0.6249225 -0.93463589
8.1743807 0.68707058 -1.1354493
8.3231139 0.56246737 -0.88578552
8.3231139 0.43753263 -0.88578552
8.2731393 0.5 -0.68489514
5.9665457 0.12120415 -0.69381688
6.026707 0.18543246 -0.56828021
6.0272041 0.059579907 -0.56694318
6.0861689 0.24931078 -0.44319356
6.0263437 0.31126569 -0.56922166
5.9659996 0.37371576 -0.6956692
6.0261531 0.43708943 -0.56970351
6.145139 0.31274355 -0.31852537
6.1457773 0.18790881 -0.31754335
6.2062013 0.12171017 -0.81929823
6.2702415 0.18570812 -0.69383317
6.2707383 0.059969198 -0.6926743
6.3335824 0.24940272 -0.56875814
6.2698786 0.31143026 -0.69464922
6.2056558 0.37388693 -0.82090373
6.2696882 0.43714416 -0.69506691
6.3964317 0.31271113 -0.44404581
6.3970698 0.18785434 -0.44319457
6.2038505 0.62431654 -0.19426251
6.1448167 0.56241865 -0.31901559
6.145139 0.68725645 -0.31852537
6.0856723 0.5 -0.44415701
6.1448167 0.43758135 -0.31901559
6.2038505 0.37568346 -0.19426251
6.0261531 0.56291057 -0.56970351
6.4590225 0.62440765 -0.31968479
6.3961096 0.56242948 -0.44447078
6.3964317 0.68728887 -0.44404581
6.3330862 0.5 -0.56959332
6.3961096 0.43757052 -0.44447078
6.4590225 0.37559235 -0.31968479
6.2696882 0.56285584 -0.69506691
5.9659996 0.62628424 -0.6956692
6.0263437 0.68873431 -0.56922166
6.0861689 0.75068922 -0.44319356
6.026707 0.81456754 -0.56828021
5.9665457 0.87879585 -0.69381688
6.0272041 0.94042009 -0.56694318
6.1457773 0.81209119 -0.31754335
6.2056558 0.62611307 -0.82090373
6.2698786 0.68856974 -0.69464922
6.3335824 0.75059728 -0.56875814
6.2702415 0.81429188 -0.69383317
6.2062013 0.87828983 -0.81929823
6.2707383 0.9400308 -0.6926743
6.3970698 0.81214566 -0.44319457
6.2625502 0.43810547 -0.070392889
6.2630368 0.31431661 -0.069886532
6.3214911 0.5 0.053093003
6.2625502 0.56189453 -0.070392889
6.2630368 0.68568339 -0.069886532
6.3809283 0.56136472 0.17619765
6.3809283 0.43863528 0.17619765
6.5216017 0.43802475 -0.19566457
6.5220882 0.31407441 -0.19522564
6.5844222 0.5 -0.071976881
6.5216017 0.56197525 -0.19566457
6.5220882 0.68592559 -0.19522564
6.6477392 0.56151607 0.051380434
6.6477392 0.43848393 0.051380434
6.4473349 0.12221486 -0.95198205
6.5146993 0.18598299 -0.82658893
6.5151949 0.060357566 -0.8256076
6.5813652 0.24949429 -0.70152596
6.5143372 0.31159422 -0.82728011
6.4467904 0.37405743 -0.95334157
6.5141472 0.43719867 -0.82763394
6.6475397 0.31267858 -0.57677016
6.6481772 0.18779973 -0.576049
6.6899466 0.12271379 -1.0907562
6.7600803 0.18625403 -0.96543616
6.7605727 0.0607419 -0.96463033
6.8295179 0.24958368 -0.84038698
6.759719 0.31175529 -0.96600407
6.6894021 0.37422509 -1.0918727
6.7595288 0.43725209 -0.96629492
6.8984647 0.31264498 -0.71559014
6.8991008 0.18774409 -0.71499689
6.7134558 0.6244988 -0.45231177
6.6472179 0.56244037 -0.57713031
6.6475397 0.68732142 -0.57677016
6.5808697 0.5 -0.7022336
6.6472179 0.43755963 -0.57713031
6.7134558 0.3755012 -0.45231177
6.5141472 0.56280133 -0.82763394
6.9671521 0.62459039 -0.59103708
6.8981431 0.5624517 -0.71588654
6.8984647 0.68735502 -0.71559014
6.829023 0.5 -0.84096893
6.8981431 0.4375483 -0.71588654
6.9671521 0.37540961 -0.59103708
6.7595288 0.56274791 -0.96629492
6.4467904 0.62594257 -0.95334157
6.5143372 0.68840578 -0.82728011
6.5813652 0.75050571 -0.70152596
6.5146993 0.81401701 -0.82658893
6.4473349 0.87778514 -0.95198205
6.5151949 0.93964243 -0.8256076
6.6481772 0.81220027 -0.576049
6.6894021 0.62577491 -1.0918727
6.759719 0.68824471 -0.96600407
6.8295179 0.75041632 -0.84038698
6.7600803 0.81374597 -0.96543616
6.6899466 0.87728621 -1.0907562
6.7605727 0.9392581 -0.96463033
6.8991008 0.81225591 -0.71499689
6.7793603 0.43794399 -0.32814162
6.7798468 0.31383218 -0.32776967
6.8455062 0.5 -0.20425251
6.7793603 0.56205601 -0.32814162
6.7798468 0.68616782 -0.32776967
6.912149 0.56166743 -0.080642607
6.912149 0.43833257 -0.080642607
7.0358264 0.43786304 -0.46671921
7.036314 0.31358962 -0.46641303
7.1047418 0.5 -0.34262979
7.0358264 0.56213696 -0.46671921
7.036314 0.68641038 -0.46641303
7.1741556 0.56181911 -0.21876724
7.1741556 0.43818089 -0.21876724
6.9340357 0.12319815 -1.2345074
7.0063854 0.18651502 -1.1092632
7.0068747 0.061116323 -1.1086283
7.078045 0.24966671 -0.98423211
7.0060199 0.31190874 -1.1097109
6.9334799 0.37438574 -1.2353879
7.0058255 0.43730268 -1.1099403
7.1492132 0.31260786 -0.85940003
7.1498496 0.18768525 -0.85893083
7.1795939 0.12366964 -1.3821391
7.2536205 0.18676719 -1.2569733
7.2541263 0.061484718 -1.2565058
7.3269645 0.24974213 -1.1319665
7.2532277 0.31205551 -1.2573017
7.1789837 0.37454131 -1.3827916
7.2530149 0.43735088 -1.2574693
7.3998038 0.31256435 -1.0071056
7.4004567 0.18762206 -1.0067623
7.2201166 0.62468362 -0.73475805
7.1488893 0.56246451 -0.85963404
7.1492132 0.68739214 -0.85940003
7.0775451 0.5 -0.98469107
7.1488893 0.43753549 -0.85963404
7.2201166 0.37531638 -0.73475805
7.0058255 0.56269732 -1.1099403
7.4723586 0.62478085 -0.88237701
7.399465 0.56248004 -1.0072735
7.3998038 0.68743565 -1.0071056
7.3264331 0.5 -1.1322988
7.399465 0.43751996 -1.0072735
7.4723586 0.37521915 -0.88237701
7.2530149 0.56264912 -1.2574693
6.9334799 0.62561426 -1.2353879
7.0060199 0.68809126 -1.1097109
7.078045 0.75033329 -0.98423211
7.0063854 0.81348498 -1.1092632
6.9340357 0.87680185 -1.2345074
7.0068747 0.93888368 -1.1086283
7.1498496 0.81231475 -0.85893083
7.1789837 0.62545869 -1.3827916
7.2532277 0.68794449 -1.2573017
7.3269645 0.75025787 -1.1319665
7.2536205 0.81323281 -1.2569733
7.1795939 0.87633036 -1.3821391
7.2541263 0.93851528 -1.2565058
7.4004567 0.81237794 -1.0067623
7.2910008 0.43778143 -0.61029648
7.2914925 0.31334578 -0.61005432
7.3621233 0.5 -0.48600811
7.2910008 0.56221857 -0.61029648
7.2914925 0.68665422 -0.61005432
7.4337475 0.56197207 -0.36189181
7.4337475 0.43802793 -0.36189181
7.54488 0.43769822 -0.75776893
7.5453827 0.3130981 -0.75759482
7.6176339 0.5 -0.63327609
7.54488 0.56230178 -0.75776893
7.5453827 0.6869019 -0.75759482
7.6908925 0.56212779 -0.5089005
7.6908925 0.43787221 -0.5089005
7.4265684 0.12422899 -1.5326566
7.5018067 0.18708556 -1.4075534
7.502418 0.061931157 -1.4072769
7.5763271 0.24985415 -1.2825584
7.5013274 0.31225203 -1.4077386
7.4258236 0.37474536 -1.533053
7.5010704 0.43741806 -1.4078294
7.6502668 0.31253144 -1.1576404
7.6510092 0.18757972 -1.1574714
7.6747643 0.12530675 -1.6855026
7.7509866 0.18779778 -1.5603275
7.7519194 0.062801864 -1.5604154
7.8261435 0.25028887 -1.4351056
7.7503918 0.31272453 -1.5602433
7.6739283 0.37516969 -1.6854173
7.7501052 0.43758225 -1.5601992
7.900544 0.31273061 -1.3098438
7.9015545 0.18781374 -1.3100451
7.7238704 0.62488144 -1.0327801
7.6498726 0.56249201 -1.157714
7.6502668 0.68746856 -1.1576404
7.5756908 0.5 -1.2827232
7.6498726 0.43750799 -1.157714
7.7238704 0.37511856 -1.0327801
7.5010704 0.56258194 -1.4078294
7.9745638 0.6248675 -1.1846424
7.9000524 0.5624124 -1.3097672
7.900544 0.68726939 -1.3098438
7.8253636 0.5 -1.4349833
7.9000524 0.4375876 -1.3097672
7.9745638 0.3751325 -1.1846424
7.7501052 0.56241775 -1.5601992
7.4258236 0.62525464 -1.533053
7.5013274 0.68774797 -1.4077386
7.5763271 0.75014585 -1.2825584
7.5018067 0.81291444 -1.4075534
7.4265684 0.87577101 -1.5326566
7.502418 0.93806884 -1.4072769
7.6510092 0.81242028 -1.1574714
7.6739283 0.62483031 -1.6854173
7.7503918 0.68727547 -1.5602433
7.8261435 0.74971113 -1.4351056
7.7509866 0.81220222 -1.5603275
7.6747643 0.87469325 -1.6855026
7.7519194 0.93719814 -1.5604154
7.9015545 0.81218626 -1.3100451
7.7974307 0.43761132 -0.90797898
7.7979546 0.31284 -0.90790605
7.8712362 0.5 -0.78324799
7.7974307 0.56238868 -0.90797898
7.7979546 0.68716 -0.90790605
7.9455501 0.56228439 -0.65859833
7.9455501 0.43771561 -0.65859833
8.0485616 0.43754458 -1.0595668
8.0491902 0.31263142 -1.059657
8.1228754 0.5 -0.93462128
8.0485616 0.56245542 -1.0595668
8.0491902 0.68736858 -1.059657
8.1977822 0.56243976 -0.80973662
8.1977822 0.43756024 -0.80973662
