MFEM mesh v1.0

#
# MFEM Geometry Types (see fem/geom.hpp):
#
# POINT       = 0
# SEGMENT     = 1
# TRIANGLE    = 2
# SQUARE      = 3
# TETRAHEDRON = 4
# CUBE        = 5
# PRISM       = 6
#

dimension
3

elements
1024
1 6 0 135 137 141 525 527
1 6 136 137 135 526 527 525
1 6 135 30 136 525 142 526
1 6 137 136 32 527 526 143
1 6 141 525 527 36 138 140
1 6 526 527 525 139 140 138
1 6 525 142 526 138 99 139
1 6 527 526 143 140 139 101
1 6 31 144 145 148 528 529
1 6 136 145 144 526 529 528
1 6 144 32 136 528 143 526
1 6 145 136 30 529 526 142
1 6 148 528 529 100 146 147
1 6 526 529 528 139 147 146
1 6 528 143 526 146 101 139
1 6 529 526 142 147 139 99
1 6 30 149 145 142 530 529
1 6 150 145 149 531 529 530
1 6 149 9 150 530 153 531
1 6 145 150 31 529 531 148
1 6 142 530 529 99 151 147
1 6 531 529 530 152 147 151
1 6 530 153 531 151 37 152
1 6 529 531 148 147 152 100
1 6 32 144 155 143 528 533
1 6 154 155 144 532 533 528
1 6 144 31 154 528 148 532
1 6 155 154 11 533 532 158
1 6 143 528 533 101 146 157
1 6 532 533 528 156 157 146
1 6 528 148 532 146 100 156
1 6 533 532 158 157 156 38
1 6 36 138 140 162 534 536
1 6 139 140 138 535 536 534
1 6 138 99 139 534 163 535
1 6 140 139 101 536 535 164
1 6 162 534 536 15 159 161
1 6 535 536 534 160 161 159
1 6 534 163 535 159 33 160
1 6 536 535 164 161 160 35
1 6 100 146 147 167 537 538
1 6 139 147 146 535 538 537
1 6 146 101 139 537 164 535
1 6 147 139 99 538 535 163
1 6 167 537 538 34 165 166
1 6 535 538 537 160 166 165
1 6 537 164 535 165 35 160
1 6 538 535 163 166 160 33
1 6 99 151 147 163 539 538
1 6 152 147 151 540 538 539
1 6 151 37 152 539 170 540
1 6 147 152 100 538 540 167
1 6 163 539 538 33 168 166
1 6 540 538 539 169 166 168
1 6 539 170 540 168 24 169
1 6 538 540 167 166 169 34
1 6 101 146 157 164 537 542
1 6 156 157 146 541 542 537
1 6 146 100 156 537 167 541
1 6 157 156 38 542 541 173
1 6 164 537 542 35 165 172
1 6 541 542 537 171 172 165
1 6 537 167 541 165 34 171
1 6 542 541 173 172 171 26
1 6 10 174 176 180 543 545
1 6 175 176 174 544 545 543
1 6 174 39 175 543 181 544
1 6 176 175 40 545 544 182
1 6 180 543 545 43 177 179
1 6 544 545 543 178 179 177
1 6 543 181 544 177 102 178
1 6 545 544 182 179 178 103
1 6 31 183 184 148 546 547
1 6 175 184 183 544 547 546
1 6 183 40 175 546 182 544
1 6 184 175 39 547 544 181
1 6 148 546 547 100 185 186
1 6 544 547 546 178 186 185
1 6 546 182 544 185 103 178
1 6 547 544 181 186 178 102
1 6 39 187 184 181 548 547
1 6 154 184 187 532 547 548
1 6 187 11 154 548 158 532
1 6 184 154 31 547 532 148
1 6 181 548 547 102 188 186
1 6 532 547 548 156 186 188
1 6 548 158 532 188 38 156
1 6 547 532 148 186 156 100
1 6 40 183 189 182 546 549
1 6 150 189 183 531 549 546
1 6 183 31 150 546 148 531
1 6 189 150 9 549 531 153
1 6 182 546 549 103 185 190
1 6 531 549 546 152 190 185
1 6 546 148 531 185 100 152
1 6 549 531 153 190 152 37
1 6 43 177 179 194 550 552
1 6 178 179 177 551 552 550
1 6 177 102 178 550 195 551
1 6 179 178 103 552 551 196
1 6 194 550 552 25 191 193
1 6 551 552 550 192 193 191
1 6 550 195 551 191 41 192
1 6 552 551 196 193 192 42
1 6 100 185 186 167 553 554
1 6 178 186 185 551 554 553
1 6 185 103 178 553 196 551
1 6 186 178 102 554 551 195
1 6 167 553 554 34 197 198
1 6 551 554 553 192 198 197
1 6 553 196 551 197 42 192
1 6 554 551 195 198 192 41
1 6 102 188 186 195 555 554
1 6 156 186 188 541 554 555
1 6 188 38 156 555 173 541
1 6 186 156 100 554 541 167
1 6 195 555 554 41 199 198
1 6 541 554 555 171 198 199
1 6 555 173 541 199 26 171
1 6 554 541 167 198 171 34
1 6 103 185 190 196 553 556
1 6 152 190 185 540 556 553
1 6 185 100 152 553 167 540
1 6 190 152 37 556 540 170
1 6 196 553 556 42 197 200
1 6 540 556 553 169 200 197
1 6 553 167 540 197 34 169
1 6 556 540 170 200 169 24
1 6 9 201 189 153 557 549
1 6 202 189 201 558 549 557
1 6 201 44 202 557 205 558
1 6 189 202 40 549 558 182
1 6 153 557 549 37 203 190
1 6 558 549 557 204 190 203
1 6 557 205 558 203 104 204
1 6 549 558 182 190 204 103
1 6 45 206 207 210 559 560
1 6 202 207 206 558 560 559
1 6 206 40 202 559 182 558
1 6 207 202 44 560 558 205
1 6 210 559 560 105 208 209
1 6 558 560 559 204 209 208
1 6 559 182 558 208 103 204
1 6 560 558 205 209 204 104
1 6 44 211 207 205 561 560
1 6 212 207 211 562 560 561
1 6 211 3 212 561 215 562
1 6 207 212 45 560 562 210
1 6 205 561 560 104 213 209
1 6 562 560 561 214 209 213
1 6 561 215 562 213 48 214
1 6 560 562 210 209 214 105
1 6 40 206 176 182 559 545
1 6 216 176 206 563 545 559
1 6 206 45 216 559 210 563
1 6 176 216 10 545 563 180
1 6 182 559 545 103 208 179
1 6 563 545 559 217 179 208
1 6 559 210 563 208 105 217
1 6 545 563 180 179 217 43
1 6 37 203 190 170 564 556
1 6 204 190 203 565 556 564
1 6 203 104 204 564 220 565
1 6 190 204 103 556 565 196
1 6 170 564 556 24 218 200
1 6 565 556 564 219 200 218
1 6 564 220 565 218 46 219
1 6 556 565 196 200 219 42
1 6 105 208 209 223 566 567
1 6 204 209 208 565 567 566
1 6 208 103 204 566 196 565
1 6 209 204 104 567 565 220
1 6 223 566 567 47 221 222
1 6 565 567 566 219 222 221
1 6 566 196 565 221 42 219
1 6 567 565 220 222 219 46
1 6 104 213 209 220 568 567
1 6 214 209 213 569 567 568
1 6 213 48 214 568 226 569
1 6 209 214 105 567 569 223
1 6 220 568 567 46 224 222
1 6 569 567 568 225 222 224
1 6 568 226 569 224 16 225
1 6 567 569 223 222 225 47
1 6 103 208 179 196 566 552
1 6 217 179 208 570 552 566
1 6 208 105 217 566 223 570
1 6 179 217 43 552 570 194
1 6 196 566 552 42 221 193
1 6 570 552 566 227 193 221
1 6 566 223 570 221 47 227
1 6 552 570 194 193 227 25
1 6 11 187 229 158 548 572
1 6 228 229 187 571 572 548
1 6 187 39 228 548 181 571
1 6 229 228 50 572 571 232
1 6 158 548 572 38 188 231
1 6 571 572 548 230 231 188
1 6 548 181 571 188 102 230
1 6 572 571 232 231 230 107
1 6 49 233 234 237 573 574
1 6 228 234 233 571 574 573
1 6 233 50 228 573 232 571
1 6 234 228 39 574 571 181
1 6 237 573 574 106 235 236
1 6 571 574 573 230 236 235
1 6 573 232 571 235 107 230
1 6 574 571 181 236 230 102
1 6 39 174 234 181 543 574
1 6 238 234 174 575 574 543
1 6 174 10 238 543 180 575
1 6 234 238 49 574 575 237
1 6 181 543 574 102 177 236
1 6 575 574 543 239 236 177
1 6 543 180 575 177 43 239
1 6 574 575 237 236 239 106
1 6 50 233 241 232 573 577
1 6 240 241 233 576 577 573
1 6 233 49 240 573 237 576
1 6 241 240 6 577 576 244
1 6 232 573 577 107 235 243
1 6 576 577 573 242 243 235
1 6 573 237 576 235 106 242
1 6 577 576 244 243 242 53
1 6 38 188 231 173 555 579
1 6 230 231 188 578 579 555
1 6 188 102 230 555 195 578
1 6 231 230 107 579 578 247
1 6 173 555 579 26 199 246
1 6 578 579 555 245 246 199
1 6 555 195 578 199 41 245
1 6 579 578 247 246 245 52
1 6 106 235 236 250 580 581
1 6 230 236 235 578 581 580
1 6 235 107 230 580 247 578
1 6 236 230 102 581 578 195
1 6 250 580 581 51 248 249
1 6 578 581 580 245 249 248
1 6 580 247 578 248 52 245
1 6 581 578 195 249 245 41
1 6 102 177 236 195 550 581
1 6 239 236 177 582 581 550
1 6 177 43 239 550 194 582
1 6 236 239 106 581 582 250
1 6 195 550 581 41 191 249
1 6 582 581 550 251 249 191
1 6 550 194 582 191 25 251
1 6 581 582 250 249 251 51
1 6 107 235 243 247 580 584
1 6 242 243 235 583 584 580
1 6 235 106 242 580 250 583
1 6 243 242 53 584 583 254
1 6 247 580 584 52 248 253
1 6 583 584 580 252 253 248
1 6 580 250 583 248 51 252
1 6 584 583 254 253 252 17
1 6 15 159 161 258 585 587
1 6 160 161 159 586 587 585
1 6 159 33 160 585 259 586
1 6 161 160 35 587 586 260
1 6 258 585 587 57 255 257
1 6 586 587 585 256 257 255
1 6 585 259 586 255 108 256
1 6 587 586 260 257 256 110
1 6 34 165 166 263 588 589
1 6 160 166 165 586 589 588
1 6 165 35 160 588 260 586
1 6 166 160 33 589 586 259
1 6 263 588 589 109 261 262
1 6 586 589 588 256 262 261
1 6 588 260 586 261 110 256
1 6 589 586 259 262 256 108
1 6 33 168 166 259 590 589
1 6 169 166 168 591 589 590
1 6 168 24 169 590 266 591
1 6 166 169 34 589 591 263
1 6 259 590 589 108 264 262
1 6 591 589 590 265 262 264
1 6 590 266 591 264 58 265
1 6 589 591 263 262 265 109
1 6 35 165 172 260 588 593
1 6 171 172 165 592 593 588
1 6 165 34 171 588 263 592
1 6 172 171 26 593 592 269
1 6 260 588 593 110 261 268
1 6 592 593 588 267 268 261
1 6 588 263 592 261 109 267
1 6 593 592 269 268 267 59
1 6 57 255 257 273 594 596
1 6 256 257 255 595 596 594
1 6 255 108 256 594 274 595
1 6 257 256 110 596 595 275
1 6 273 594 596 1 270 272
1 6 595 596 594 271 272 270
1 6 594 274 595 270 54 271
1 6 596 595 275 272 271 56
1 6 109 261 262 278 597 598
1 6 256 262 261 595 598 597
1 6 261 110 256 597 275 595
1 6 262 256 108 598 595 274
1 6 278 597 598 55 276 277
1 6 595 598 597 271 277 276
1 6 597 275 595 276 56 271
1 6 598 595 274 277 271 54
1 6 108 264 262 274 599 598
1 6 265 262 264 600 598 599
1 6 264 58 265 599 281 600
1 6 262 265 109 598 600 278
1 6 274 599 598 54 279 277
1 6 600 598 599 280 277 279
1 6 599 281 600 279 12 280
1 6 598 600 278 277 280 55
1 6 110 261 268 275 597 602
1 6 267 268 261 601 602 597
1 6 261 109 267 597 278 601
1 6 268 267 59 602 601 284
1 6 275 597 602 56 276 283
1 6 601 602 597 282 283 276
1 6 597 278 601 276 55 282
1 6 602 601 284 283 282 14
1 6 25 191 193 288 603 605
1 6 192 193 191 604 605 603
1 6 191 41 192 603 289 604
1 6 193 192 42 605 604 290
1 6 288 603 605 62 285 287
1 6 604 605 603 286 287 285
1 6 603 289 604 285 111 286
1 6 605 604 290 287 286 112
1 6 34 197 198 263 606 607
1 6 192 198 197 604 607 606
1 6 197 42 192 606 290 604
1 6 198 192 41 607 604 289
1 6 263 606 607 109 291 292
1 6 604 607 606 286 292 291
1 6 606 290 604 291 112 286
1 6 607 604 289 292 286 111
1 6 41 199 198 289 608 607
1 6 171 198 199 592 607 608
1 6 199 26 171 608 269 592
1 6 198 171 34 607 592 263
1 6 289 608 607 111 293 292
1 6 592 607 608 267 292 293
1 6 608 269 592 293 59 267
1 6 607 592 263 292 267 109
1 6 42 197 200 290 606 609
1 6 169 200 197 591 609 606
1 6 197 34 169 606 263 591
1 6 200 169 24 609 591 266
1 6 290 606 609 112 291 294
1 6 591 609 606 265 294 291
1 6 606 263 591 291 109 265
1 6 609 591 266 294 265 58
1 6 62 285 287 298 610 612
1 6 286 287 285 611 612 610
1 6 285 111 286 610 299 611
1 6 287 286 112 612 611 300
1 6 298 610 612 13 295 297
1 6 611 612 610 296 297 295
1 6 610 299 611 295 60 296
1 6 612 611 300 297 296 61
1 6 109 291 292 278 613 614
1 6 286 292 291 611 614 613
1 6 291 112 286 613 300 611
1 6 292 286 111 614 611 299
1 6 278 613 614 55 301 302
1 6 611 614 613 296 302 301
1 6 613 300 611 301 61 296
1 6 614 611 299 302 296 60
1 6 111 293 292 299 615 614
1 6 267 292 293 601 614 615
1 6 293 59 267 615 284 601
1 6 292 267 109 614 601 278
1 6 299 615 614 60 303 302
1 6 601 614 615 282 302 303
1 6 615 284 601 303 14 282
1 6 614 601 278 302 282 55
1 6 112 291 294 300 613 616
1 6 265 294 291 600 616 613
1 6 291 109 265 613 278 600
1 6 294 265 58 616 600 281
1 6 300 613 616 61 301 304
1 6 600 616 613 280 304 301
1 6 613 278 600 301 55 280
1 6 616 600 281 304 280 12
1 6 24 218 200 266 617 609
1 6 219 200 218 618 609 617
1 6 218 46 219 617 307 618
1 6 200 219 42 609 618 290
1 6 266 617 609 58 305 294
1 6 618 609 617 306 294 305
1 6 617 307 618 305 113 306
1 6 609 618 290 294 306 112
1 6 47 221 222 310 619 620
1 6 219 222 221 618 620 619
1 6 221 42 219 619 290 618
1 6 222 219 46 620 618 307
1 6 310 619 620 114 308 309
1 6 618 620 619 306 309 308
1 6 619 290 618 308 112 306
1 6 620 618 307 309 306 113
1 6 46 224 222 307 621 620
1 6 225 222 224 622 620 621
1 6 224 16 225 621 313 622
1 6 222 225 47 620 622 310
1 6 307 621 620 113 311 309
1 6 622 620 621 312 309 311
1 6 621 313 622 311 65 312
1 6 620 622 310 309 312 114
1 6 42 221 193 290 619 605
1 6 227 193 221 623 605 619
1 6 221 47 227 619 310 623
1 6 193 227 25 605 623 288
1 6 290 619 605 112 308 287
1 6 623 605 619 314 287 308
1 6 619 310 623 308 114 314
1 6 605 623 288 287 314 62
1 6 58 305 294 281 624 616
1 6 306 294 305 625 616 624
1 6 305 113 306 624 317 625
1 6 294 306 112 616 625 300
1 6 281 624 616 12 315 304
1 6 625 616 624 316 304 315
1 6 624 317 625 315 63 316
1 6 616 625 300 304 316 61
1 6 114 308 309 320 626 627
1 6 306 309 308 625 627 626
1 6 308 112 306 626 300 625
1 6 309 306 113 627 625 317
1 6 320 626 627 64 318 319
1 6 625 627 626 316 319 318
1 6 626 300 625 318 61 316
1 6 627 625 317 319 316 63
1 6 113 311 309 317 628 627
1 6 312 309 311 629 627 628
1 6 311 65 312 628 323 629
1 6 309 312 114 627 629 320
1 6 317 628 627 63 321 319
1 6 629 627 628 322 319 321
1 6 628 323 629 321 4 322
1 6 627 629 320 319 322 64
1 6 112 308 287 300 626 612
1 6 314 287 308 630 612 626
1 6 308 114 314 626 320 630
1 6 287 314 62 612 630 298
1 6 300 626 612 61 318 297
1 6 630 612 626 324 297 318
1 6 626 320 630 318 64 324
1 6 612 630 298 297 324 13
1 6 26 199 246 269 608 632
1 6 245 246 199 631 632 608
1 6 199 41 245 608 289 631
1 6 246 245 52 632 631 327
1 6 269 608 632 59 293 326
1 6 631 632 608 325 326 293
1 6 608 289 631 293 111 325
1 6 632 631 327 326 325 116
1 6 51 248 249 330 633 634
1 6 245 249 248 631 634 633
1 6 248 52 245 633 327 631
1 6 249 245 41 634 631 289
1 6 330 633 634 115 328 329
1 6 631 634 633 325 329 328
1 6 633 327 631 328 116 325
1 6 634 631 289 329 325 111
1 6 41 191 249 289 603 634
1 6 251 249 191 635 634 603
1 6 191 25 251 603 288 635
1 6 249 251 51 634 635 330
1 6 289 603 634 111 285 329
1 6 635 634 603 331 329 285
1 6 603 288 635 285 62 331
1 6 634 635 330 329 331 115
1 6 52 248 253 327 633 637
1 6 252 253 248 636 637 633
1 6 248 51 252 633 330 636
1 6 253 252 17 637 636 334
1 6 327 633 637 116 328 333
1 6 636 637 633 332 333 328
1 6 633 330 636 328 115 332
1 6 637 636 334 333 332 68
1 6 59 293 326 284 615 639
1 6 325 326 293 638 639 615
1 6 293 111 325 615 299 638
1 6 326 325 116 639 638 337
1 6 284 615 639 14 303 336
1 6 638 639 615 335 336 303
1 6 615 299 638 303 60 335
1 6 639 638 337 336 335 67
1 6 115 328 329 340 640 641
1 6 325 329 328 638 641 640
1 6 328 116 325 640 337 638
1 6 329 325 111 641 638 299
1 6 340 640 641 66 338 339
1 6 638 641 640 335 339 338
1 6 640 337 638 338 67 335
1 6 641 638 299 339 335 60
1 6 111 285 329 299 610 641
1 6 331 329 285 642 641 610
1 6 285 62 331 610 298 642
1 6 329 331 115 641 642 340
1 6 299 610 641 60 295 339
1 6 642 641 610 341 339 295
1 6 610 298 642 295 13 341
1 6 641 642 340 339 341 66
1 6 116 328 333 337 640 644
1 6 332 333 328 643 644 640
1 6 328 115 332 640 340 643
1 6 333 332 68 644 643 344
1 6 337 640 644 67 338 343
1 6 643 644 640 342 343 338
1 6 640 340 643 338 66 342
1 6 644 643 344 343 342 7
1 6 1 270 272 348 645 647
1 6 271 272 270 646 647 645
1 6 270 54 271 645 349 646
1 6 272 271 56 647 646 350
1 6 348 645 647 72 345 347
1 6 646 647 645 346 347 345
1 6 645 349 646 345 117 346
1 6 647 646 350 347 346 119
1 6 55 276 277 353 648 649
1 6 271 277 276 646 649 648
1 6 276 56 271 648 350 646
1 6 277 271 54 649 646 349
1 6 353 648 649 118 351 352
1 6 646 649 648 346 352 351
1 6 648 350 646 351 119 346
1 6 649 646 349 352 346 117
1 6 54 279 277 349 650 649
1 6 280 277 279 651 649 650
1 6 279 12 280 650 356 651
1 6 277 280 55 649 651 353
1 6 349 650 649 117 354 352
1 6 651 649 650 355 352 354
1 6 650 356 651 354 73 355
1 6 649 651 353 352 355 118
1 6 56 276 283 350 648 653
1 6 282 283 276 652 653 648
1 6 276 55 282 648 353 652
1 6 283 282 14 653 652 359
1 6 350 648 653 119 351 358
1 6 652 653 648 357 358 351
1 6 648 353 652 351 118 357
1 6 653 652 359 358 357 74
1 6 72 345 347 363 654 656
1 6 346 347 345 655 656 654
1 6 345 117 346 654 364 655
1 6 347 346 119 656 655 365
1 6 363 654 656 21 360 362
1 6 655 656 654 361 362 360
1 6 654 364 655 360 69 361
1 6 656 655 365 362 361 71
1 6 118 351 352 368 657 658
1 6 346 352 351 655 658 657
1 6 351 119 346 657 365 655
1 6 352 346 117 658 655 364
1 6 368 657 658 70 366 367
1 6 655 658 657 361 367 366
1 6 657 365 655 366 71 361
1 6 658 655 364 367 361 69
1 6 117 354 352 364 659 658
1 6 355 352 354 660 658 659
1 6 354 73 355 659 371 660
1 6 352 355 118 658 660 368
1 6 364 659 658 69 369 367
1 6 660 658 659 370 367 369
1 6 659 371 660 369 27 370
1 6 658 660 368 367 370 70
1 6 119 351 358 365 657 662
1 6 357 358 351 661 662 657
1 6 351 118 357 657 368 661
1 6 358 357 74 662 661 374
1 6 365 657 662 71 366 373
1 6 661 662 657 372 373 366
1 6 657 368 661 366 70 372
1 6 662 661 374 373 372 29
1 6 13 295 297 378 663 665
1 6 296 297 295 664 665 663
1 6 295 60 296 663 379 664
1 6 297 296 61 665 664 380
1 6 378 663 665 77 375 377
1 6 664 665 663 376 377 375
1 6 663 379 664 375 120 376
1 6 665 664 380 377 376 121
1 6 55 301 302 353 666 667
1 6 296 302 301 664 667 666
1 6 301 61 296 666 380 664
1 6 302 296 60 667 664 379
1 6 353 666 667 118 381 382
1 6 664 667 666 376 382 381
1 6 666 380 664 381 121 376
1 6 667 664 379 382 376 120
1 6 60 303 302 379 668 667
1 6 282 302 303 652 667 668
1 6 303 14 282 668 359 652
1 6 302 282 55 667 652 353
1 6 379 668 667 120 383 382
1 6 652 667 668 357 382 383
1 6 668 359 652 383 74 357
1 6 667 652 353 382 357 118
1 6 61 301 304 380 666 669
1 6 280 304 301 651 669 666
1 6 301 55 280 666 353 651
1 6 304 280 12 669 651 356
1 6 380 666 669 121 381 384
1 6 651 669 666 355 384 381
1 6 666 353 651 381 118 355
1 6 669 651 356 384 355 73
1 6 77 375 377 388 670 672
1 6 376 377 375 671 672 670
1 6 375 120 376 670 389 671
1 6 377 376 121 672 671 390
1 6 388 670 672 28 385 387
1 6 671 672 670 386 387 385
1 6 670 389 671 385 75 386
1 6 672 671 390 387 386 76
1 6 118 381 382 368 673 674
1 6 376 382 381 671 674 673
1 6 381 121 376 673 390 671
1 6 382 376 120 674 671 389
1 6 368 673 674 70 391 392
1 6 671 674 673 386 392 391
1 6 673 390 671 391 76 386
1 6 674 671 389 392 386 75
1 6 120 383 382 389 675 674
1 6 357 382 383 661 674 675
1 6 383 74 357 675 374 661
1 6 382 357 118 674 661 368
1 6 389 675 674 75 393 392
1 6 661 674 675 372 392 393
1 6 675 374 661 393 29 372
1 6 674 661 368 392 372 70
1 6 121 381 384 390 673 676
1 6 355 384 381 660 676 673
1 6 381 118 355 673 368 660
1 6 384 355 73 676 660 371
1 6 390 673 676 76 391 394
1 6 660 676 673 370 394 391
1 6 673 368 660 391 70 370
1 6 676 660 371 394 370 27
1 6 12 315 304 356 677 669
1 6 316 304 315 678 669 677
1 6 315 63 316 677 397 678
1 6 304 316 61 669 678 380
1 6 356 677 669 73 395 384
1 6 678 669 677 396 384 395
1 6 677 397 678 395 122 396
1 6 669 678 380 384 396 121
1 6 64 318 319 400 679 680
1 6 316 319 318 678 680 679
1 6 318 61 316 679 380 678
1 6 319 316 63 680 678 397
1 6 400 679 680 123 398 399
1 6 678 680 679 396 399 398
1 6 679 380 678 398 121 396
1 6 680 678 397 399 396 122
1 6 63 321 319 397 681 680
1 6 322 319 321 682 680 681
1 6 321 4 322 681 403 682
1 6 319 322 64 680 682 400
1 6 397 681 680 122 401 399
1 6 682 680 681 402 399 401
1 6 681 403 682 401 80 402
1 6 680 682 400 399 402 123
1 6 61 318 297 380 679 665
1 6 324 297 318 683 665 679
1 6 318 64 324 679 400 683
1 6 297 324 13 665 683 378
1 6 380 679 665 121 398 377
1 6 683 665 679 404 377 398
1 6 679 400 683 398 123 404
1 6 665 683 378 377 404 77
1 6 73 395 384 371 684 676
1 6 396 384 395 685 676 684
1 6 395 122 396 684 407 685
1 6 384 396 121 676 685 390
1 6 371 684 676 27 405 394
1 6 685 676 684 406 394 405
1 6 684 407 685 405 78 406
1 6 676 685 390 394 406 76
1 6 123 398 399 410 686 687
1 6 396 399 398 685 687 686
1 6 398 121 396 686 390 685
1 6 399 396 122 687 685 407
1 6 410 686 687 79 408 409
1 6 685 687 686 406 409 408
1 6 686 390 685 408 76 406
1 6 687 685 407 409 406 78
1 6 122 401 399 407 688 687
1 6 402 399 401 689 687 688
1 6 401 80 402 688 413 689
1 6 399 402 123 687 689 410
1 6 407 688 687 78 411 409
1 6 689 687 688 412 409 411
1 6 688 413 689 411 22 412
1 6 687 689 410 409 412 79
1 6 121 398 377 390 686 672
1 6 404 377 398 690 672 686
1 6 398 123 404 686 410 690
1 6 377 404 77 672 690 388
1 6 390 686 672 76 408 387
1 6 690 672 686 414 387 408
1 6 686 410 690 408 79 414
1 6 672 690 388 387 414 28
1 6 14 303 336 359 668 692
1 6 335 336 303 691 692 668
1 6 303 60 335 668 379 691
1 6 336 335 67 692 691 417
1 6 359 668 692 74 383 416
1 6 691 692 668 415 416 383
1 6 668 379 691 383 120 415
1 6 692 691 417 416 415 125
1 6 66 338 339 420 693 694
1 6 335 339 338 691 694 693
1 6 338 67 335 693 417 691
1 6 339 335 60 694 691 379
1 6 420 693 694 124 418 419
1 6 691 694 693 415 419 418
1 6 693 417 691 418 125 415
1 6 694 691 379 419 415 120
1 6 60 295 339 379 663 694
1 6 341 339 295 695 694 663
1 6 295 13 341 663 378 695
1 6 339 341 66 694 695 420
1 6 379 663 694 120 375 419
1 6 695 694 663 421 419 375
1 6 663 378 695 375 77 421
1 6 694 695 420 419 421 124
1 6 67 338 343 417 693 697
1 6 342 343 338 696 697 693
1 6 338 66 342 693 420 696
1 6 343 342 7 697 696 424
1 6 417 693 697 125 418 423
1 6 696 697 693 422 423 418
1 6 693 420 696 418 124 422
1 6 697 696 424 423 422 83
1 6 74 383 416 374 675 699
1 6 415 416 383 698 699 675
1 6 383 120 415 675 389 698
1 6 416 415 125 699 698 427
1 6 374 675 699 29 393 426
1 6 698 699 675 425 426 393
1 6 675 389 698 393 75 425
1 6 699 698 427 426 425 82
1 6 124 418 419 430 700 701
1 6 415 419 418 698 701 700
1 6 418 125 415 700 427 698
1 6 419 415 120 701 698 389
1 6 430 700 701 81 428 429
1 6 698 701 700 425 429 428
1 6 700 427 698 428 82 425
1 6 701 698 389 429 425 75
1 6 120 375 419 389 670 701
1 6 421 419 375 702 701 670
1 6 375 77 421 670 388 702
1 6 419 421 124 701 702 430
1 6 389 670 701 75 385 429
1 6 702 701 670 431 429 385
1 6 670 388 702 385 28 431
1 6 701 702 430 429 431 81
1 6 125 418 423 427 700 704
1 6 422 423 418 703 704 700
1 6 418 124 422 700 430 703
1 6 423 422 83 704 703 434
1 6 427 700 704 82 428 433
1 6 703 704 700 432 433 428
1 6 700 430 703 428 81 432
1 6 704 703 434 433 432 23
1 6 21 360 362 438 705 707
1 6 361 362 360 706 707 705
1 6 360 69 361 705 439 706
1 6 362 361 71 707 706 440
1 6 438 705 707 87 435 437
1 6 706 707 705 436 437 435
1 6 705 439 706 435 126 436
1 6 707 706 440 437 436 128
1 6 70 366 367 443 708 709
1 6 361 367 366 706 709 708
1 6 366 71 361 708 440 706
1 6 367 361 69 709 706 439
1 6 443 708 709 127 441 442
1 6 706 709 708 436 442 441
1 6 708 440 706 441 128 436
1 6 709 706 439 442 436 126
1 6 69 369 367 439 710 709
1 6 370 367 369 711 709 710
1 6 369 27 370 710 446 711
1 6 367 370 70 709 711 443
1 6 439 710 709 126 444 442
1 6 711 709 710 445 442 444
1 6 710 446 711 444 88 445
1 6 709 711 443 442 445 127
1 6 71 366 373 440 708 713
1 6 372 373 366 712 713 708
1 6 366 70 372 708 443 712
1 6 373 372 29 713 712 449
1 6 440 708 713 128 441 448
1 6 712 713 708 447 448 441
1 6 708 443 712 441 127 447
1 6 713 712 449 448 447 89
1 6 87 435 437 453 714 716
1 6 436 437 435 715 716 714
1 6 435 126 436 714 454 715
1 6 437 436 128 716 715 455
1 6 453 714 716 2 450 452
1 6 715 716 714 451 452 450
1 6 714 454 715 450 84 451
1 6 716 715 455 452 451 86
1 6 127 441 442 458 717 718
1 6 436 442 441 715 718 717
1 6 441 128 436 717 455 715
1 6 442 436 126 718 715 454
1 6 458 717 718 85 456 457
1 6 715 718 717 451 457 456
1 6 717 455 715 456 86 451
1 6 718 715 454 457 451 84
1 6 126 444 442 454 719 718
1 6 445 442 444 720 718 719
1 6 444 88 445 719 461 720
1 6 442 445 127 718 720 458
1 6 454 719 718 84 459 457
1 6 720 718 719 460 457 459
1 6 719 461 720 459 18 460
1 6 718 720 458 457 460 85
1 6 128 441 448 455 717 722
1 6 447 448 441 721 722 717
1 6 441 127 447 717 458 721
1 6 448 447 89 722 721 464
1 6 455 717 722 86 456 463
1 6 721 722 717 462 463 456
1 6 717 458 721 456 85 462
1 6 722 721 464 463 462 20
1 6 28 385 387 468 723 725
1 6 386 387 385 724 725 723
1 6 385 75 386 723 469 724
1 6 387 386 76 725 724 470
1 6 468 723 725 92 465 467
1 6 724 725 723 466 467 465
1 6 723 469 724 465 129 466
1 6 725 724 470 467 466 130
1 6 70 391 392 443 726 727
1 6 386 392 391 724 727 726
1 6 391 76 386 726 470 724
1 6 392 386 75 727 724 469
1 6 443 726 727 127 471 472
1 6 724 727 726 466 472 471
1 6 726 470 724 471 130 466
1 6 727 724 469 472 466 129
1 6 75 393 392 469 728 727
1 6 372 392 393 712 727 728
1 6 393 29 372 728 449 712
1 6 392 372 70 727 712 443
1 6 469 728 727 129 473 472
1 6 712 727 728 447 472 473
1 6 728 449 712 473 89 447
1 6 727 712 443 472 447 127
1 6 76 391 394 470 726 729
1 6 370 394 391 711 729 726
1 6 391 70 370 726 443 711
1 6 394 370 27 729 711 446
1 6 470 726 729 130 471 474
1 6 711 729 726 445 474 471
1 6 726 443 711 471 127 445
1 6 729 711 446 474 445 88
1 6 92 465 467 478 730 732
1 6 466 467 465 731 732 730
1 6 465 129 466 730 479 731
1 6 467 466 130 732 731 480
1 6 478 730 732 19 475 477
1 6 731 732 730 476 477 475
1 6 730 479 731 475 90 476
1 6 732 731 480 477 476 91
1 6 127 471 472 458 733 734
1 6 466 472 471 731 734 733
1 6 471 130 466 733 480 731
1 6 472 466 129 734 731 479
1 6 458 733 734 85 481 482
1 6 731 734 733 476 482 481
1 6 733 480 731 481 91 476
1 6 734 731 479 482 476 90
1 6 129 473 472 479 735 734
1 6 447 472 473 721 734 735
1 6 473 89 447 735 464 721
1 6 472 447 127 734 721 458
1 6 479 735 734 90 483 482
1 6 721 734 735 462 482 483
1 6 735 464 721 483 20 462
1 6 734 721 458 482 462 85
1 6 130 471 474 480 733 736
1 6 445 474 471 720 736 733
1 6 471 127 445 733 458 720
1 6 474 445 88 736 720 461
1 6 480 733 736 91 481 484
1 6 720 736 733 460 484 481
1 6 733 458 720 481 85 460
1 6 736 720 461 484 460 18
1 6 27 405 394 446 737 729
1 6 406 394 405 738 729 737
1 6 405 78 406 737 487 738
1 6 394 406 76 729 738 470
1 6 446 737 729 88 485 474
1 6 738 729 737 486 474 485
1 6 737 487 738 485 131 486
1 6 729 738 470 474 486 130
1 6 79 408 409 490 739 740
1 6 406 409 408 738 740 739
1 6 408 76 406 739 470 738
1 6 409 406 78 740 738 487
1 6 490 739 740 132 488 489
1 6 738 740 739 486 489 488
1 6 739 470 738 488 130 486
1 6 740 738 487 489 486 131
1 6 78 411 409 487 741 740
1 6 412 409 411 742 740 741
1 6 411 22 412 741 493 742
1 6 409 412 79 740 742 490
1 6 487 741 740 131 491 489
1 6 742 740 741 492 489 491
1 6 741 493 742 491 95 492
1 6 740 742 490 489 492 132
1 6 76 408 387 470 739 725
1 6 414 387 408 743 725 739
1 6 408 79 414 739 490 743
1 6 387 414 28 725 743 468
1 6 470 739 725 130 488 467
1 6 743 725 739 494 467 488
1 6 739 490 743 488 132 494
1 6 725 743 468 467 494 92
1 6 88 485 474 461 744 736
1 6 486 474 485 745 736 744
1 6 485 131 486 744 497 745
1 6 474 486 130 736 745 480
1 6 461 744 736 18 495 484
1 6 745 736 744 496 484 495
1 6 744 497 745 495 93 496
1 6 736 745 480 484 496 91
1 6 132 488 489 500 746 747
1 6 486 489 488 745 747 746
1 6 488 130 486 746 480 745
1 6 489 486 131 747 745 497
1 6 500 746 747 94 498 499
1 6 745 747 746 496 499 498
1 6 746 480 745 498 91 496
1 6 747 745 497 499 496 93
1 6 131 491 489 497 748 747
1 6 492 489 491 749 747 748
1 6 491 95 492 748 503 749
1 6 489 492 132 747 749 500
1 6 497 748 747 93 501 499
1 6 749 747 748 502 499 501
1 6 748 503 749 501 5 502
1 6 747 749 500 499 502 94
1 6 130 488 467 480 746 732
1 6 494 467 488 750 732 746
1 6 488 132 494 746 500 750
1 6 467 494 92 732 750 478
1 6 480 746 732 91 498 477
1 6 750 732 746 504 477 498
1 6 746 500 750 498 94 504
1 6 732 750 478 477 504 19
1 6 29 393 426 449 728 752
1 6 425 426 393 751 752 728
1 6 393 75 425 728 469 751
1 6 426 425 82 752 751 507
1 6 449 728 752 89 473 506
1 6 751 752 728 505 506 473
1 6 728 469 751 473 129 505
1 6 752 751 507 506 505 134
1 6 81 428 429 510 753 754
1 6 425 429 428 751 754 753
1 6 428 82 425 753 507 751
1 6 429 425 75 754 751 469
1 6 510 753 754 133 508 509
1 6 751 754 753 505 509 508
1 6 753 507 751 508 134 505
1 6 754 751 469 509 505 129
1 6 75 385 429 469 723 754
1 6 431 429 385 755 754 723
1 6 385 28 431 723 468 755
1 6 429 431 81 754 755 510
1 6 469 723 754 129 465 509
1 6 755 754 723 511 509 465
1 6 723 468 755 465 92 511
1 6 754 755 510 509 511 133
1 6 82 428 433 507 753 757
1 6 432 433 428 756 757 753
1 6 428 81 432 753 510 756
1 6 433 432 23 757 756 514
1 6 507 753 757 134 508 513
1 6 756 757 753 512 513 508
1 6 753 510 756 508 133 512
1 6 757 756 514 513 512 98
1 6 89 473 506 464 735 759
1 6 505 506 473 758 759 735
1 6 473 129 505 735 479 758
1 6 506 505 134 759 758 517
1 6 464 735 759 20 483 516
1 6 758 759 735 515 516 483
1 6 735 479 758 483 90 515
1 6 759 758 517 516 515 97
1 6 133 508 509 520 760 761
1 6 505 509 508 758 761 760
1 6 508 134 505 760 517 758
1 6 509 505 129 761 758 479
1 6 520 760 761 96 518 519
1 6 758 761 760 515 519 518
1 6 760 517 758 518 97 515
1 6 761 758 479 519 515 90
1 6 129 465 509 479 730 761
1 6 511 509 465 762 761 730
1 6 465 92 511 730 478 762
1 6 509 511 133 761 762 520
1 6 479 730 761 90 475 519
1 6 762 761 730 521 519 475
1 6 730 478 762 475 19 521
1 6 761 762 520 519 521 96
1 6 134 508 513 517 760 764
1 6 512 513 508 763 764 760
1 6 508 133 512 760 520 763
1 6 513 512 98 764 763 524
1 6 517 760 764 97 518 523
1 6 763 764 760 522 523 518
1 6 760 520 763 518 96 522
1 6 764 763 524 523 522 8

boundary
512
1 2 0 137 135
1 2 136 135 137
1 2 137 32 136
1 2 135 136 30
1 2 31 145 144
1 2 136 144 145
1 2 145 30 136
1 2 144 136 32
1 2 32 155 144
1 2 154 144 155
1 2 155 11 154
1 2 144 154 31
1 2 30 145 149
1 2 150 149 145
1 2 145 31 150
1 2 149 150 9
1 2 10 176 174
1 2 175 174 176
1 2 176 40 175
1 2 174 175 39
1 2 31 184 183
1 2 175 183 184
1 2 184 39 175
1 2 183 175 40
1 2 40 189 183
1 2 150 183 189
1 2 189 9 150
1 2 183 150 31
1 2 39 184 187
1 2 154 187 184
1 2 184 31 154
1 2 187 154 11
1 2 11 229 187
1 2 228 187 229
1 2 229 50 228
1 2 187 228 39
1 2 49 234 233
1 2 228 233 234
1 2 234 39 228
1 2 233 228 50
1 2 50 241 233
1 2 240 233 241
1 2 241 6 240
1 2 233 240 49
1 2 39 234 174
1 2 238 174 234
1 2 234 49 238
1 2 174 238 10
1 2 9 189 201
1 2 202 201 189
1 2 189 40 202
1 2 201 202 44
1 2 45 207 206
1 2 202 206 207
1 2 207 44 202
1 2 206 202 40
1 2 40 176 206
1 2 216 206 176
1 2 176 10 216
1 2 206 216 45
1 2 44 207 211
1 2 212 211 207
1 2 207 45 212
1 2 211 212 3
3 3 0 135 525 141
3 3 135 30 142 525
3 3 525 142 99 138
3 3 141 525 138 36
3 3 30 149 530 142
3 3 149 9 153 530
3 3 530 153 37 151
3 3 142 530 151 99
3 3 99 151 539 163
3 3 151 37 170 539
3 3 539 170 24 168
3 3 163 539 168 33
3 3 36 138 534 162
3 3 138 99 163 534
3 3 534 163 33 159
3 3 162 534 159 15
3 3 9 201 557 153
3 3 201 44 205 557
3 3 557 205 104 203
3 3 153 557 203 37
3 3 44 211 561 205
3 3 211 3 215 561
3 3 561 215 48 213
3 3 205 561 213 104
3 3 104 213 568 220
3 3 213 48 226 568
3 3 568 226 16 224
3 3 220 568 224 46
3 3 37 203 564 170
3 3 203 104 220 564
3 3 564 220 46 218
3 3 170 564 218 24
3 3 24 218 617 266
3 3 218 46 307 617
3 3 617 307 113 305
3 3 266 617 305 58
3 3 46 224 621 307
3 3 224 16 313 621
3 3 621 313 65 311
3 3 307 621 311 113
3 3 113 311 628 317
3 3 311 65 323 628
3 3 628 323 4 321
3 3 317 628 321 63
3 3 58 305 624 281
3 3 305 113 317 624
3 3 624 317 63 315
3 3 281 624 315 12
3 3 15 159 585 258
3 3 159 33 259 585
3 3 585 259 108 255
3 3 258 585 255 57
3 3 33 168 590 259
3 3 168 24 266 590
3 3 590 266 58 264
3 3 259 590 264 108
3 3 108 264 599 274
3 3 264 58 281 599
3 3 599 281 12 279
3 3 274 599 279 54
3 3 57 255 594 273
3 3 255 108 274 594
3 3 594 274 54 270
3 3 273 594 270 1
3 3 1 270 645 348
3 3 270 54 349 645
3 3 645 349 117 345
3 3 348 645 345 72
3 3 54 279 650 349
3 3 279 12 356 650
3 3 650 356 73 354
3 3 349 650 354 117
3 3 117 354 659 364
3 3 354 73 371 659
3 3 659 371 27 369
3 3 364 659 369 69
3 3 72 345 654 363
3 3 345 117 364 654
3 3 654 364 69 360
3 3 363 654 360 21
3 3 12 315 677 356
3 3 315 63 397 677
3 3 677 397 122 395
3 3 356 677 395 73
3 3 63 321 681 397
3 3 321 4 403 681
3 3 681 403 80 401
3 3 397 681 401 122
3 3 122 401 688 407
3 3 401 80 413 688
3 3 688 413 22 411
3 3 407 688 411 78
3 3 73 395 684 371
3 3 395 122 407 684
3 3 684 407 78 405
3 3 371 684 405 27
3 3 27 405 737 446
3 3 405 78 487 737
3 3 737 487 131 485
3 3 446 737 485 88
3 3 78 411 741 487
3 3 411 22 493 741
3 3 741 493 95 491
3 3 487 741 491 131
3 3 131 491 748 497
3 3 491 95 503 748
3 3 748 503 5 501
3 3 497 748 501 93
3 3 88 485 744 461
3 3 485 131 497 744
3 3 744 497 93 495
3 3 461 744 495 18
3 3 21 360 705 438
3 3 360 69 439 705
3 3 705 439 126 435
3 3 438 705 435 87
3 3 69 369 710 439
3 3 369 27 446 710
3 3 710 446 88 444
3 3 439 710 444 126
3 3 126 444 719 454
3 3 444 88 461 719
3 3 719 461 18 459
3 3 454 719 459 84
3 3 87 435 714 453
3 3 435 126 454 714
3 3 714 454 84 450
3 3 453 714 450 2
3 3 6 241 577 244
3 3 241 50 232 577
3 3 577 232 107 243
3 3 244 577 243 53
3 3 50 229 572 232
3 3 229 11 158 572
3 3 572 158 38 231
3 3 232 572 231 107
3 3 107 231 579 247
3 3 231 38 173 579
3 3 579 173 26 246
3 3 247 579 246 52
3 3 53 243 584 254
3 3 243 107 247 584
3 3 584 247 52 253
3 3 254 584 253 17
3 3 11 155 533 158
3 3 155 32 143 533
3 3 533 143 101 157
3 3 158 533 157 38
3 3 32 137 527 143
3 3 137 0 141 527
3 3 527 141 36 140
3 3 143 527 140 101
3 3 101 140 536 164
3 3 140 36 162 536
3 3 536 162 15 161
3 3 164 536 161 35
3 3 38 157 542 173
3 3 157 101 164 542
3 3 542 164 35 172
3 3 173 542 172 26
3 3 26 172 593 269
3 3 172 35 260 593
3 3 593 260 110 268
3 3 269 593 268 59
3 3 35 161 587 260
3 3 161 15 258 587
3 3 587 258 57 257
3 3 260 587 257 110
3 3 110 257 596 275
3 3 257 57 273 596
3 3 596 273 1 272
3 3 275 596 272 56
3 3 59 268 602 284
3 3 268 110 275 602
3 3 602 275 56 283
3 3 284 602 283 14
3 3 17 253 637 334
3 3 253 52 327 637
3 3 637 327 116 333
3 3 334 637 333 68
3 3 52 246 632 327
3 3 246 26 269 632
3 3 632 269 59 326
3 3 327 632 326 116
3 3 116 326 639 337
3 3 326 59 284 639
3 3 639 284 14 336
3 3 337 639 336 67
3 3 68 333 644 344
3 3 333 116 337 644
3 3 644 337 67 343
3 3 344 644 343 7
3 3 7 343 697 424
3 3 343 67 417 697
3 3 697 417 125 423
3 3 424 697 423 83
3 3 67 336 692 417
3 3 336 14 359 692
3 3 692 359 74 416
3 3 417 692 416 125
3 3 125 416 699 427
3 3 416 74 374 699
3 3 699 374 29 426
3 3 427 699 426 82
3 3 83 423 704 434
3 3 423 125 427 704
3 3 704 427 82 433
3 3 434 704 433 23
3 3 14 283 653 359
3 3 283 56 350 653
3 3 653 350 119 358
3 3 359 653 358 74
3 3 56 272 647 350
3 3 272 1 348 647
3 3 647 348 72 347
3 3 350 647 347 119
3 3 119 347 656 365
3 3 347 72 363 656
3 3 656 363 21 362
3 3 365 656 362 71
3 3 74 358 662 374
3 3 358 119 365 662
3 3 662 365 71 373
3 3 374 662 373 29
3 3 29 373 713 449
3 3 373 71 440 713
3 3 713 440 128 448
3 3 449 713 448 89
3 3 71 362 707 440
3 3 362 21 438 707
3 3 707 438 87 437
3 3 440 707 437 128
3 3 128 437 716 455
3 3 437 87 453 716
3 3 716 453 2 452
3 3 455 716 452 86
3 3 89 448 722 464
3 3 448 128 455 722
3 3 722 455 86 463
3 3 464 722 463 20
3 3 23 433 757 514
3 3 433 82 507 757
3 3 757 507 134 513
3 3 514 757 513 98
3 3 82 426 752 507
3 3 426 29 449 752
3 3 752 449 89 506
3 3 507 752 506 134
3 3 134 506 759 517
3 3 506 89 464 759
3 3 759 464 20 516
3 3 517 759 516 97
3 3 98 513 764 524
3 3 513 134 517 764
3 3 764 517 97 523
3 3 524 764 523 8
3 3 3 212 562 215
3 3 212 45 210 562
3 3 562 210 105 214
3 3 215 562 214 48
3 3 45 216 563 210
3 3 216 10 180 563
3 3 563 180 43 217
3 3 210 563 217 105
3 3 105 217 570 223
3 3 217 43 194 570
3 3 570 194 25 227
3 3 223 570 227 47
3 3 48 214 569 226
3 3 214 105 223 569
3 3 569 223 47 225
3 3 226 569 225 16
3 3 10 238 575 180
3 3 238 49 237 575
3 3 575 237 106 239
3 3 180 575 239 43
3 3 49 240 576 237
3 3 240 6 244 576
3 3 576 244 53 242
3 3 237 576 242 106
3 3 106 242 583 250
3 3 242 53 254 583
3 3 583 254 17 252
3 3 250 583 252 51
3 3 43 239 582 194
3 3 239 106 250 582
3 3 582 250 51 251
3 3 194 582 251 25
3 3 25 251 635 288
3 3 251 51 330 635
3 3 635 330 115 331
3 3 288 635 331 62
3 3 51 252 636 330
3 3 252 17 334 636
3 3 636 334 68 332
3 3 330 636 332 115
3 3 115 332 643 340
3 3 332 68 344 643
3 3 643 344 7 342
3 3 340 643 342 66
3 3 62 331 642 298
3 3 331 115 340 642
3 3 642 340 66 341
3 3 298 642 341 13
3 3 16 225 622 313
3 3 225 47 310 622
3 3 622 310 114 312
3 3 313 622 312 65
3 3 47 227 623 310
3 3 227 25 288 623
3 3 623 288 62 314
3 3 310 623 314 114
3 3 114 314 630 320
3 3 314 62 298 630
3 3 630 298 13 324
3 3 320 630 324 64
3 3 65 312 629 323
3 3 312 114 320 629
3 3 629 320 64 322
3 3 323 629 322 4
3 3 4 322 682 403
3 3 322 64 400 682
3 3 682 400 123 402
3 3 403 682 402 80
3 3 64 324 683 400
3 3 324 13 378 683
3 3 683 378 77 404
3 3 400 683 404 123
3 3 123 404 690 410
3 3 404 77 388 690
3 3 690 388 28 414
3 3 410 690 414 79
3 3 80 402 689 413
3 3 402 123 410 689
3 3 689 410 79 412
3 3 413 689 412 22
3 3 13 341 695 378
3 3 341 66 420 695
3 3 695 420 124 421
3 3 378 695 421 77
3 3 66 342 696 420
3 3 342 7 424 696
3 3 696 424 83 422
3 3 420 696 422 124
3 3 124 422 703 430
3 3 422 83 434 703
3 3 703 434 23 432
3 3 430 703 432 81
3 3 77 421 702 388
3 3 421 124 430 702
3 3 702 430 81 431
3 3 388 702 431 28
3 3 28 431 755 468
3 3 431 81 510 755
3 3 755 510 133 511
3 3 468 755 511 92
3 3 81 432 756 510
3 3 432 23 514 756
3 3 756 514 98 512
3 3 510 756 512 133
3 3 133 512 763 520
3 3 512 98 524 763
3 3 763 524 8 522
3 3 520 763 522 96
3 3 92 511 762 478
3 3 511 133 520 762
3 3 762 520 96 521
3 3 478 762 521 19
3 3 22 412 742 493
3 3 412 79 490 742
3 3 742 490 132 492
3 3 493 742 492 95
3 3 79 414 743 490
3 3 414 28 468 743
3 3 743 468 92 494
3 3 490 743 494 132
3 3 132 494 750 500
3 3 494 92 478 750
3 3 750 478 19 504
3 3 500 750 504 94
3 3 95 492 749 503
3 3 492 132 500 749
3 3 749 500 94 502
3 3 503 749 502 5
6 2 2 450 452
6 2 85 456 457
6 2 84 459 457
6 2 86 456 463
6 2 19 475 477
6 2 85 481 482
6 2 90 483 482
6 2 91 481 484
6 2 18 495 484
6 2 94 498 499
6 2 93 501 499
6 2 91 498 477
6 2 20 483 516
6 2 96 518 519
6 2 90 475 519
6 2 97 518 523
6 2 451 452 450
6 2 450 84 451
6 2 452 451 86
6 2 451 457 456
6 2 456 86 451
6 2 457 451 84
6 2 460 457 459
6 2 459 18 460
6 2 457 460 85
6 2 462 463 456
6 2 456 85 462
6 2 463 462 20
6 2 476 477 475
6 2 475 90 476
6 2 477 476 91
6 2 476 482 481
6 2 481 91 476
6 2 482 476 90
6 2 462 482 483
6 2 483 20 462
6 2 482 462 85
6 2 460 484 481
6 2 481 85 460
6 2 484 460 18
6 2 496 484 495
6 2 495 93 496
6 2 484 496 91
6 2 496 499 498
6 2 498 91 496
6 2 499 496 93
6 2 502 499 501
6 2 501 5 502
6 2 499 502 94
6 2 504 477 498
6 2 498 94 504
6 2 477 504 19
6 2 515 516 483
6 2 483 90 515
6 2 516 515 97
6 2 515 519 518
6 2 518 97 515
6 2 519 515 90
6 2 521 519 475
6 2 475 19 521
6 2 519 521 96
6 2 522 523 518
6 2 518 96 522
6 2 523 522 8

vertices
765

nodes
FiniteElementSpace
FiniteElementCollection: H1_3D_P1
VDim: 3
Ordering: 1

0 0 0
0.99649645 -0.00037586201 -0.0053900052
1.9934223 -0.00032081819 -0.020882206
0 1 0
0.99649645 1.0003759 -0.0053900052
1.9934223 1.0003208 -0.020882206
0 0.5 1
1.0069992 0.5 0.99394381
2.0131459 0.5 0.97854957
0 0.5 0
0 0.75 0.5
0 0.25 0.5
0.99647741 0.5 -0.0056529603
1.001759 0.74989796 0.49452529
1.001759 0.25010204 0.49452529
0.49820067 -0.00039158746 -0.0013000826
0.49820067 1.0003916 -0.0013000826
0.50360077 0.5 0.99800852
1.9934025 0.5 -0.021106854
2.0032968 0.7499123 0.47904685
2.0032968 0.2500877 0.47904685
1.4949002 -0.00034766733 -0.011984012
1.4949002 1.0003477 -0.011984012
1.5101901 0.5 0.98740007
0.49820729 0.5 -0.0015648773
0.50089435 0.74989142 0.49862607
0.50089435 0.25010858 0.49862607
1.4948802 0.5 -0.01222749
1.5025579 0.749905 0.48793896
1.5025579 0.250095 0.48793896
0 0.25 0
0 0.375 0.25
0 0.125 0.25
0.49820749 0.24980207 -0.001493918
0.49956027 0.37497204 0.24859695
0.49956558 0.12491599 0.24873713
0.24906563 -0.00033760389 -0.00030615096
0.24911192 0.5 -0.00051162778
0.2504427 0.25011056 0.49968472
0 0.5 0.5
0 0.625 0.25
0.50088075 0.5 0.49854934
0.49956027 0.62502796 0.24859695
0.2504427 0.74988944 0.49968472
0 0.75 0
0 0.875 0.25
0.49820749 0.75019793 -0.001493918
0.49956558 0.87508401 0.24873713
0.24906563 1.0003376 -0.00030615095
0 0.625 0.75
0 0.375 0.75
0.5022245 0.62486201 0.74837438
0.5022245 0.37513799 0.74837438
0.25187639 0.5 0.99910029
0.99648263 0.24980795 -0.0055814706
0.9991302 0.37497392 0.24449579
0.99914945 0.12492135 0.24463841
0.74733746 -0.00038936436 -0.003015317
0.74732436 0.5 -0.0032859654
0.75133545 0.25010516 0.49689756
1.0017432 0.5 0.49444975
0.9991302 0.62502608 0.24449579
0.75133545 0.74989484 0.49689756
0.99648263 0.75019205 -0.0055814706
0.99914945 0.87507865 0.24463841
0.74733746 1.0003894 -0.0030153169
1.004363 0.62487043 0.74428874
1.004363 0.37512957 0.74428874
0.75532073 0.5 0.99629515
1.4948861 0.24982281 -0.012161285
1.4987313 0.37497627 0.23791085
1.4987508 0.12492774 0.23804287
1.2456836 -0.00036148358 -0.0083879031
1.2456635 0.5 -0.0086410603
1.2521661 0.2500986 0.49153153
1.5025418 0.5 0.48786932
1.4987313 0.62502373 0.23791085
1.2521661 0.7499014 0.49153153
1.4948861 0.75017719 -0.012161285
1.4987508 0.87507226 0.23804287
1.2456836 1.0003615 -0.0083879031
1.5063577 0.62487952 0.73772049
1.5063577 0.37512048 0.73772049
1.2586236 0.5 0.99097151
1.9934084 0.24983652 -0.021045777
1.9983619 0.37497812 0.22902088
1.9983813 0.12493333 0.22914264
1.7441465 -0.00033418883 -0.016156094
1.7441266 0.5 -0.016390113
1.7529347 0.25009136 0.48376999
2.0032807 0.5 0.47898264
1.9983619 0.62502188 0.22902088
1.7529347 0.74990864 0.48376999
1.9934084 0.75016348 -0.021045777
1.9983813 0.87506667 0.22914264
1.7441465 1.0003342 -0.016156094
2.008205 0.62488879 0.7288453
2.008205 0.37511121 0.7288453
1.7616976 0.5 0.98325197
0.24911911 0.24984648 -0.00045929744
0.24979142 0.37497926 0.24966049
0.24977687 0.12492803 0.24976595
0.25041958 0.5 0.49962659
0.24979142 0.62502074 0.24966049
0.24911911 0.75015352 -0.00045929744
0.24977687 0.87507197 0.24976595
0.25110179 0.62485366 0.74946055
0.25110179 0.37514634 0.74946055
0.74732762 0.24980076 -0.0032126025
0.74934086 0.37497232 0.24686827
0.749357 0.12491758 0.24701438
0.75132053 0.5 0.49681952
0.74934086 0.62502768 0.24686827
0.74732762 0.75019924 -0.0032126025
0.749357 0.87508242 0.24701438
0.75331144 0.62486618 0.74665161
0.75331144 0.37513382 0.74665161
1.2456694 0.24981564 -0.0085722138
1.2489271 0.37497524 0.24150252
1.2489467 0.12492475 0.24163984
1.2521501 0.5 0.49145901
1.2489271 0.62502476 0.24150252
1.2456694 0.75018436 -0.0085722138
1.2489467 0.87507525 0.24163984
1.2553787 0.62487492 0.74130427
1.2553787 0.37512508 0.74130427
1.7441325 0.24982971 -0.016326487
1.7485429 0.37497721 0.23374294
1.7485623 0.12493056 0.23386979
1.7529186 0.5 0.48370309
1.7485429 0.62502279 0.23374294
1.7441325 0.75017029 -0.016326487
1.7485623 0.87506944 0.23386979
1.7572999 0.62488415 0.73356004
1.7572999 0.37511585 0.73356004
0 0.125 0
0 0.1875 0.125
0 0.0625 0.125
0.2491079 0.12475378 -0.00039090292
0.24945266 0.18736593 0.12467098
0.24941961 0.062300134 0.12474601
0.12449289 -0.00025954849 -0.00010419941
0.12456695 0.24990818 -0.00020286892
0.12488178 0.12494824 0.25000397
0 0.25 0.25
0 0.3125 0.125
0.24978906 0.24995492 0.24969873
0.24946224 0.31242532 0.12461843
0.1249036 0.37498796 0.24993253
0 0.375 0
0 0.4375 0.125
0.24911447 0.37492639 -0.00049886813
0.24946301 0.43747602 0.12459355
0.12455545 0.5 -0.00023214725
0 0.3125 0.375
0 0.1875 0.375
0.25011083 0.31252064 0.37468608
0.250115 0.18753305 0.37474455
0.12522257 0.2500979 0.49994065
0.49820533 0.12470372 -0.0014078075
0.498889 0.18733663 0.1236385
0.49888681 0.062269813 0.12373867
0.37363536 -0.00037796732 -0.00070833894
0.37366062 0.24981435 -0.00088946352
0.37467008 0.12491874 0.24934068
0.49956186 0.24994357 0.24864933
0.49889059 0.31240294 0.12356912
0.37467429 0.37497421 0.24921278
0.49820757 0.37490123 -0.0015470312
0.498891 0.43746789 0.12353407
0.37365978 0.5 -0.00095474874
0.50022507 0.31251773 0.37362596
0.50023381 0.18753087 0.37369971
0.37566834 0.25011101 0.49924173
0 0.625 0.5
0 0.5625 0.375
0 0.6875 0.375
0.25042783 0.62494311 0.49963869
0.25010576 0.56249307 0.37466102
0.25011083 0.68747936 0.37468608
0.12522257 0.7499021 0.49994065
0.12519415 0.5 0.49991251
0.1249036 0.62501204 0.24993253
0 0.5 0.25
0 0.4375 0.375
0.24979128 0.5 0.24964865
0.25010576 0.43750693 0.37466102
0 0.375 0.5
0.25042783 0.37505689 0.49963869
0 0.5625 0.125
0.24946301 0.56252398 0.12459355
0.50088407 0.62494621 0.49856808
0.50022115 0.56249413 0.37359006
0.50022507 0.68748227 0.37362597
0.37566834 0.74988899 0.49924173
0.3756533 0.5 0.49917008
0.37467429 0.62502579 0.24921278
0.49955971 0.5 0.24857956
0.50022115 0.43750587 0.37359006
0.50088407 0.37505379 0.49856808
0.498891 0.56253211 0.12353407
0 0.625 0
0 0.6875 0.125
0.24911447 0.62507361 -0.00049886813
0.24946224 0.68757468 0.12461843
0.12456695 0.75009182 -0.00020286892
0 0.75 0.25
0 0.8125 0.125
0.24978906 0.75004508 0.24969873
0.24945266 0.81263407 0.12467098
0.12488178 0.87505176 0.25000397
0 0.875 0
0 0.9375 0.125
0.2491079 0.87524622 -0.00039090291
0.24941961 0.93769987 0.12474601
0.12449289 1.0002595 -0.0001041994
0 0.8125 0.375
0.250115 0.81246695 0.37474455
0.49820757 0.62509877 -0.0015470312
0.49889059 0.68759706 0.12356912
0.37366062 0.75018565 -0.00088946351
0.49956186 0.75005643 0.24864933
0.498889 0.81266337 0.1236385
0.37467008 0.87508126 0.24934068
0.49820533 0.87529628 -0.0014078075
0.49888681 0.93773019 0.12373867
0.37363536 1.000378 -0.00070833893
0.50023381 0.81246913 0.37369971
0 0.4375 0.625
0 0.3125 0.625
0.25074948 0.43755348 0.6245593
0.25076787 0.31265172 0.62458982
0.12554934 0.37515415 0.74978137
0 0.5 0.75
0 0.5625 0.625
0.25109313 0.5 0.7494452
0.25074948 0.56244652 0.6245593
0.12554934 0.62484585 0.74978137
0 0.6875 0.625
0.25076787 0.68734828 0.62458982
0 0.5625 0.875
0 0.4375 0.875
0.25147144 0.56241087 0.87429213
0.25147144 0.43758913 0.87429213
0.12601402 0.5 0.9994433
0.50154696 0.43754815 0.62347672
0.50155507 0.31264476 0.62351663
0.37666739 0.37514079 0.74899398
0.50222068 0.5 0.74835434
0.50154696 0.56245185 0.62347672
0.37666739 0.62485921 0.74899398
0.50155507 0.68735524 0.62351663
0.50290729 0.56241071 0.87320321
0.50290729 0.43758929 0.87320321
0.37773487 0.5 0.99862593
0.7473318 0.12470437 -0.0031247067
0.74834609 0.18733788 0.1219169
0.74835408 0.062272219 0.1220199
0.62276705 -0.00039336311 -0.0020721413
0.62276301 0.2497992 -0.0022699047
0.62446136 0.12491613 0.24795975
0.74934646 0.24994468 0.24692343
0.74834136 0.31240287 0.12184469
0.62444931 0.37497175 0.24781453
0.74732517 0.37489974 -0.0032674384
0.74833916 0.43746764 0.12180785
0.62276136 0.5 -0.0023430302
0.75033739 0.31251745 0.3718971
0.75034926 0.18753022 0.37197302
0.62611708 0.25010671 0.49784361
0.99648887 0.12471497 -0.0054961027
0.99782026 0.18734437 0.11954375
0.99783036 0.062280706 0.11964393
0.87191363 -0.00038300591 -0.0041229221
0.87190099 0.24980408 -0.0043177021
0.87425284 0.12491945 0.2459059
0.99913734 0.24994765 0.24454981
0.99781337 0.31240689 0.11947324
0.87423455 0.37497313 0.24576105
0.99647873 0.37490333 -0.0056348821
0.9978099 0.43746899 0.11943717
0.87189652 0.5 -0.0043903412
1.0004446 0.31251767 0.36952437
1.0004574 0.18752999 0.36959817
0.87654938 0.25010364 0.49579053
0.75132414 0.62494785 0.49683883
0.75033192 0.56249427 0.37185947
0.75033739 0.68748255 0.3718971
0.62611708 0.74989329 0.49784361
0.62610294 0.5 0.49776535
0.62444931 0.62502825 0.24781453
0.7493391 0.5 0.2468498
0.75033192 0.43750573 0.37185947
0.75132414 0.37505215 0.49683883
0.74833916 0.56253236 0.12180785
1.0017471 0.62494922 0.4944685
1.0004383 0.56249414 0.36948758
1.0004446 0.68748233 0.36952437
0.87654938 0.74989636 0.49579053
0.87653388 0.5 0.49571356
0.87423455 0.62502687 0.24576105
0.99912784 0.5 0.24447764
1.0004383 0.43750586 0.36948758
1.0017471 0.37505078 0.4944685
0.9978099 0.56253101 0.11943717
0.74732517 0.62510026 -0.0032674384
0.74834136 0.68759713 0.12184469
0.62276301 0.7502008 -0.0022699047
0.74934646 0.75005532 0.24692343
0.74834609 0.81266212 0.1219169
0.62446136 0.87508387 0.24795975
0.7473318 0.87529563 -0.0031247066
0.74835408 0.93772778 0.1220199
0.62276705 1.0003934 -0.0020721413
0.75034926 0.81246978 0.37197302
0.99647873 0.62509667 -0.0056348821
0.99781337 0.68759311 0.11947324
0.87190099 0.75019592 -0.004317702
0.99913734 0.75005235 0.24454981
0.99782026 0.81265563 0.11954375
0.87425284 0.87508055 0.2459059
0.99648887 0.87528503 -0.0054961027
0.99783036 0.93771929 0.11964393
0.87191363 1.000383 -0.0041229221
1.0004574 0.81247001 0.36959817
0.75231227 0.43754654 0.62174995
0.75232108 0.31263995 0.62178969
0.62777243 0.37513584 0.74759374
0.7533066 0.5 0.74663196
0.75231227 0.56245346 0.62174995
0.62777243 0.62486416 0.74759374
0.75232108 0.68736005 0.62178969
0.75431052 0.56241271 0.87148561
0.75431052 0.43758729 0.87148561
0.62946446 0.5 0.99723209
1.0030498 0.43754511 0.61938336
1.0030592 0.31263546 0.61942156
0.87884167 0.37513174 0.7455492
1.0043576 0.5 0.74426992
1.0030498 0.56245489 0.61938336
0.87884167 0.62486826 0.7455492
1.0030592 0.68736454 0.61942156
1.005675 0.56241537 0.86912844
1.005675 0.43758463 0.86912844
0.88116625 0.5 0.99519838
1.245676 0.12472613 -0.0084900311
1.2473123 0.18735074 0.1165485
1.2473225 0.062289327 0.11664496
1.1210864 -0.00036861183 -0.0068127372
1.1210722 0.24981186 -0.0070006378
1.1240473 0.12492311 0.24321536
1.2489345 0.24995013 0.24155457
1.247305 0.31241083 0.11648057
1.1240277 0.37497463 0.24307534
1.245665 0.37490725 -0.0086236475
1.2473012 0.43747033 0.1164458
1.1210665 0.5 -0.0070708234
1.2505469 0.31251741 0.36653042
1.2505597 0.1875293 0.36660136
1.1269645 0.25010035 0.49310468
1.4948928 0.12473669 -0.012082244
1.4968228 0.18735657 0.11295494
1.4968328 0.062297443 0.11304769
1.3702882 -0.00035451269 -0.01011259
1.370274 0.24981928 -0.010293356
1.3738479 0.12492628 0.23991475
1.4987388 0.24995217 0.2379609
1.4968155 0.31241436 0.11288961
1.3738283 0.37497578 0.2397801
1.4948817 0.37491089 -0.012210746
1.4968116 0.43747151 0.11285617
1.3702681 0.5 -0.010360872
1.5006449 0.31251687 0.36293782
1.5006577 0.18752832 0.36300598
1.3773639 0.25009681 0.48980869
1.2521541 0.62495085 0.49147704
1.2505404 0.5624942 0.366495
1.2505469 0.68748259 0.36653042
1.1269645 0.74989965 0.49310468
1.1269485 0.5 0.49303065
1.1240277 0.62502537 0.24307534
1.2489246 0.5 0.24148502
1.2505404 0.4375058 0.366495
1.2521541 0.37504915 0.49147704
1.2473012 0.56252967 0.1164458
1.5025458 0.62495262 0.48788663
1.5006384 0.56249437 0.36290379
1.5006449 0.68748313 0.36293782
1.3773639 0.74990319 0.48980869
1.3773478 0.5 0.48973763
1.3738283 0.62502422 0.2397801
1.4987288 0.5 0.23789403
1.5006384 0.43750563 0.36290379
1.5025458 0.37504738 0.48788663
1.4968116 0.56252849 0.11285617
1.245665 0.62509275 -0.0086236475
1.247305 0.68758917 0.11648057
1.1210722 0.75018814 -0.0070006378
1.2489345 0.75004987 0.24155457
1.2473123 0.81264926 0.1165485
1.1240473 0.87507689 0.24321536
1.245676 0.87527387 -0.0084900311
1.2473225 0.93771067 0.11664496
1.1210864 1.0003686 -0.0068127372
1.2505597 0.8124707 0.36660136
1.4948817 0.62508911 -0.012210746
1.4968155 0.68758564 0.11288961
1.370274 0.75018072 -0.010293356
1.4987388 0.75004783 0.2379609
1.4968228 0.81264343 0.11295494
1.3738479 0.87507372 0.23991475
1.4948928 0.87526331 -0.012082244
1.4968328 0.93770256 0.11304769
1.3702882 1.0003545 -0.01011259
1.5006577 0.81247168 0.36300598
1.2537611 0.43754357 0.61639538
1.2537708 0.31263075 0.616432
1.1298754 0.37512735 0.74287283
1.2553731 0.5 0.74128623
1.2537611 0.56245643 0.61639538
1.1298754 0.62487265 0.74287283
1.2537708 0.68736925 0.616432
1.2569947 0.56241828 0.86614976
1.2569947 0.43758172 0.86614976
1.1328185 0.5 0.99253395
1.5044465 0.43754198 0.61280819
1.5044562 0.31262595 0.61284334
1.3808728 0.37512279 0.73958587
1.506352 0.5 0.73770317
1.5044465 0.56245802 0.61280819
1.3808728 0.62487721 0.73958587
1.5044562 0.68737405 0.61284334
1.5082674 0.56242129 0.86257175
1.5082674 0.43757871 0.86257175
1.3844142 0.5 0.98925928
1.7441391 0.12474691 -0.016250515
1.7463517 0.18736215 0.10878526
1.7463617 0.062305306 0.1088744
1.6195196 -0.00034090434 -0.013999426
1.6195056 0.24982628 -0.014173246
1.6236556 0.12492916 0.23602697
1.7485503 0.24995404 0.23379102
1.7463444 0.3124177 0.10872248
1.6236362 0.37497675 0.23589755
1.7441281 0.37491437 -0.016374022
1.7463406 0.43747262 0.10869035
1.6194997 0.5 -0.014238156
1.7507391 0.31251623 0.35876888
1.7507519 0.18752725 0.35883437
1.6277482 0.25009318 0.48592514
1.993415 0.12475704 -0.020972848
1.9958991 0.18736766 0.10406149
1.9959091 0.062313094 0.10414707
1.8687807 -0.0003274979 -0.018451272
1.8687668 0.24983312 -0.018618251
1.8734709 0.12493195 0.2315741
1.9983693 0.24995588 0.22906703
1.9958919 0.31242099 0.10400124
1.8734514 0.37497766 0.23144979
1.9934041 0.3749178 -0.021091408
1.995888 0.43747372 0.10397039
1.8687609 0.5 -0.0186806
2.0008296 0.31251558 0.35404578
2.0008424 0.18752616 0.35410864
1.8781176 0.25008953 0.48147631
1.7529227 0.62495444 0.48371972
1.7507326 0.56249458 0.35873619
1.7507391 0.68748377 0.35876888
1.6277482 0.74990682 0.48592514
1.6277321 0.5 0.48585688
1.6236362 0.62502325 0.23589755
1.7485404 0.5 0.23372677
1.7507326 0.43750542 0.35873619
1.7529227 0.37504556 0.48371972
1.7463406 0.56252738 0.10869035
2.0032847 0.62495626 0.47899859
2.0008231 0.5624948 0.35401441
2.0008296 0.68748442 0.35404578
1.8781176 0.74991047 0.48147631
1.8781015 0.5 0.48141076
1.8734514 0.62502234 0.23144979
1.9983593 0.5 0.22900536
2.0008231 0.4375052 0.35401441
2.0032847 0.37504374 0.47899859
1.995888 0.56252628 0.10397039
1.7441281 0.62508563 -0.016374022
1.7463444 0.6875823 0.10872248
1.6195056 0.75017372 -0.014173246
1.7485503 0.75004596 0.23379102
1.7463517 0.81263785 0.10878526
1.6236556 0.87507084 0.23602697
1.7441391 0.87525309 -0.016250515
1.7463617 0.93769469 0.1088744
1.6195196 1.0003409 -0.013999426
1.7507519 0.81247275 0.35883437
1.9934041 0.6250822 -0.021091408
1.9958919 0.68757901 0.10400124
1.8687668 0.75016688 -0.018618251
1.9983693 0.75004412 0.22906703
1.9958991 0.81263234 0.10406149
1.8734709 0.87506805 0.2315741
1.993415 0.87524296 -0.020972848
1.9959091 0.93768691 0.10414707
1.8687807 1.0003275 -0.018451272
2.0008424 0.81247384 0.35410864
1.755106 0.43754036 0.60864434
1.7551157 0.31262111 0.60867811
1.6318334 0.37511817 0.73571094
1.7572941 0.5 0.73354339
1.755106 0.56245964 0.60864434
1.6318334 0.62488183 0.73571094
1.7551157 0.68737889 0.60867811
1.7594922 0.56242431 0.85841703
1.7594922 0.43757569 0.85841703
1.6359512 0.5 0.9853967
2.0057396 0.43753875 0.60392624
2.0057493 0.31261626 0.60395865
1.8827571 0.37511353 0.73127056
2.0081993 0.5 0.72882933
2.0057396 0.56246125 0.60392624
1.8827571 0.62488647 0.73127056
2.0057493 0.68738374 0.60395865
2.0106689 0.56242734 0.85370803
2.0106689 0.43757266 0.85370803
1.8874291 0.5 0.98096866
0.12457334 0.12484585 -0.0001619275
0.12474927 0.1874178 0.12492692
0.12470181 0.062353781 0.12498266
0.12490319 0.24997282 0.24995401
0.12475308 0.31245599 0.12489722
0.12455883 0.37495648 -0.00022511518
0.12475302 0.43748599 0.12488412
0.12505146 0.31251526 0.37494712
0.1250554 0.18753105 0.37498578
0.37365343 0.12471762 -0.00080928989
0.3741673 0.18734413 0.12424315
0.37415325 0.062277281 0.1243358
0.37467336 0.24994652 0.24926013
0.37417374 0.31240921 0.12417986
0.37366078 0.37490888 -0.00093850616
0.37417509 0.43747034 0.12414807
0.37516807 0.31251897 0.37424188
0.37517459 0.18753211 0.37431048
0.12519688 0.62495918 0.49991712
0.1250492 0.56249524 0.37493423
0.12505146 0.68748474 0.37494712
0.12490324 0.5 0.24992621
0.1250492 0.43750476 0.37493423
0.12519688 0.37504082 0.49991712
0.12475302 0.56251401 0.12488412
0.37565744 0.62494451 0.49918724
0.37516423 0.56249335 0.37420946
0.37516807 0.68748103 0.37424188
0.37467409 0.5 0.24919724
0.37516423 0.43750665 0.37420946
0.37565744 0.37505549 0.49918724
0.37417509 0.56252966 0.12414807
0.12455883 0.62504352 -0.00022511518
0.12475308 0.68754401 0.12489722
0.12490319 0.75002718 0.24995401
0.12474927 0.8125822 0.12492692
0.12457334 0.87515415 -0.0001619275
0.12470181 0.93764622 0.12498266
0.1250554 0.81246895 0.37498578
0.37366078 0.62509112 -0.00093850616
0.37417374 0.68759079 0.12417986
0.37467336 0.75005348 0.24926013
0.3741673 0.81265587 0.12424315
0.37365343 0.87528238 -0.00080928988
0.37415325 0.93772272 0.1243358
0.37517459 0.81246789 0.37431048
0.12534456 0.43754119 0.6248665
0.12538568 0.31264236 0.62487285
0.12550153 0.5 0.74978962
0.12534456 0.56245881 0.6248665
0.12538568 0.68735764 0.62487285
0.12572181 0.56238538 0.87465572
0.12572181 0.43761462 0.87465572
0.37615248 0.43754944 0.62409791
0.37616158 0.31264871 0.62413544
0.37666337 0.5 0.74897541
0.37615248 0.56245056 0.62409791
0.37616158 0.68735129 0.62413544
0.37719351 0.56240922 0.87382238
0.37719351 0.43759078 0.87382238
0.62276474 0.12470148 -0.0021818997
0.62361543 0.1873358 0.12286137
0.62362 0.062269398 0.1229643
0.62445324 0.24994352 0.24786914
0.6236132 0.31240178 0.12278958
0.62276182 0.37489919 -0.0023245993
0.62361219 0.43746732 0.12275309
0.62528175 0.31251734 0.37284341
0.62529238 0.18753035 0.37291919
0.87190654 0.12470935 -0.0042308754
0.87308099 0.18734101 0.12080972
0.87309052 0.062276294 0.12091157
0.87424117 0.24994619 0.24581586
0.87307483 0.31240479 0.12073813
0.87189763 0.37490137 -0.0043719802
0.87307182 0.43746828 0.12070153
0.87539168 0.31251761 0.37078981
0.87540421 0.18753015 0.37086489
0.62610631 0.62494719 0.49778464
0.62527704 0.56249431 0.37280609
0.62528175 0.68748266 0.37284341
0.62444811 0.5 0.2477963
0.62527704 0.43750569 0.37280609
0.62610631 0.37505281 0.49778464
0.62361219 0.56253268 0.12275309
0.87653768 0.6249485 0.49573265
0.8753857 0.56249419 0.37075246
0.87539168 0.68748239 0.37078981
0.87423241 0.5 0.24574266
0.8753857 0.43750581 0.37075246
0.87653768 0.3750515 0.49573265
0.87307182 0.56253172 0.12070153
0.62276182 0.62510081 -0.0023245993
0.6236132 0.68759822 0.12278958
0.62445324 0.75005648 0.24786914
0.62361543 0.8126642 0.12286137
0.62276474 0.87529852 -0.0021818996
0.62362 0.9377306 0.1229643
0.62529238 0.81246965 0.37291919
0.87189763 0.62509863 -0.0043719802
0.87307483 0.68759521 0.12073813
0.87424117 0.75005381 0.24581586
0.87308099 0.81265899 0.12080972
0.87190654 0.87529065 -0.0042308754
0.87309052 0.93772371 0.12091157
0.87540421 0.81246985 0.37086489
0.6269333 0.43754724 0.62269411
0.62694167 0.31264222 0.62273431
0.62776808 0.5 0.74757376
0.6269333 0.56245276 0.62269411
0.62694167 0.68735778 0.62273431
0.6286132 0.56241155 0.87242502
0.6286132 0.43758845 0.87242502
0.87768437 0.43754584 0.62064564
0.87769354 0.31263773 0.62068465
0.87883648 0.5 0.74552996
0.87768437 0.56245416 0.62064564
0.87769354 0.68736227 0.62068465
0.87999806 0.56241399 0.87038604
0.87999806 0.43758601 0.87038604
1.1210787 0.12472063 -0.0069168542
1.122564 0.18734764 0.11812234
1.1225742 0.062285086 0.11822067
1.1240351 0.24994897 0.24312841
1.1225568 0.31240892 0.11805309
1.121068 0.37490533 -0.0070530723
1.1225531 0.43746968 0.11801765
1.1254963 0.31251759 0.36810363
1.1255092 0.1875297 0.36817601
1.3702807 0.12473147 -0.010212755
1.3720653 0.1873537 0.11482511
1.3720754 0.062293434 0.1149197
1.3738357 0.24995119 0.23983114
1.3720579 0.31241263 0.11475849
1.3702697 0.3749091 -0.010343796
1.3720541 0.43747093 0.11472439
1.3755964 0.31251716 0.36480755
1.3756092 0.18752883 0.36487709
1.1269525 0.62495001 0.49304904
1.1254899 0.56249415 0.36806751
1.1254963 0.68748241 0.36810363
1.1240252 0.5 0.2430575
1.1254899 0.43750585 0.36806751
1.1269525 0.37504999 0.49304904
1.1225531 0.56253032 0.11801765
1.3773518 0.62495173 0.48975529
1.3755899 0.56249427 0.36477283
1.3755964 0.68748284 0.36480755
1.3738257 0.5 0.23976294
1.3755899 0.43750573 0.36477283
1.3773518 0.37504827 0.48975529
1.3720541 0.56252907 0.11472439
1.121068 0.62509467 -0.0070530723
1.1225568 0.68759108 0.11805309
1.1240351 0.75005103 0.24312841
1.122564 0.81265236 0.11812234
1.1210787 0.87527937 -0.0069168542
1.1225742 0.93771491 0.11822067
1.1255092 0.8124703 0.36817601
1.3702697 0.6250909 -0.010343796
1.3720579 0.68758737 0.11475849
1.3738357 0.75004881 0.23983114
1.3720653 0.8126463 0.11482511
1.3702807 0.87526853 -0.010212755
1.3720754 0.93770657 0.1149197
1.3756092 0.81247117 0.36487709
1.1284087 0.43754435 0.61796569
1.1284183 0.31263313 0.61800308
1.1298699 0.5 0.74285441
1.1284087 0.56245565 0.61796569
1.1284183 0.68736687 0.61800308
1.1313406 0.56241681 0.86771543
1.1313406 0.43758319 0.86771543
1.3791071 0.43754278 0.61467527
1.3791168 0.31262836 0.61471114
1.3808671 0.5 0.7395682
1.3791071 0.56245722 0.61467527
1.3791168 0.68737164 0.61471114
1.382637 0.56241978 0.86443425
1.382637 0.43758022 0.86443425
1.6195122 0.12474182 -0.014095746
1.6215849 0.18735937 0.11094073
1.6215949 0.062301392 0.11103168
1.6236436 0.24995312 0.2359466
1.6215776 0.31241604 0.11087669
1.6195013 0.37491264 -0.01422174
1.6215738 0.43747207 0.11084391
1.6256924 0.31251656 0.36092401
1.6257052 0.18752779 0.36099082
1.8687734 0.12475198 -0.018543802
1.8711231 0.18736491 0.10649126
1.8711331 0.062309204 0.10657862
1.8734589 0.24995496 0.23149691
1.8711158 0.31241935 0.10642974
1.8687624 0.37491608 -0.018664832
1.871112 0.43747317 0.10639825
1.8757848 0.31251591 0.35647522
1.8757976 0.18752671 0.35653939
1.6277361 0.62495353 0.48587384
1.625686 0.56249447 0.36089065
1.6256924 0.68748344 0.36092401
1.6236336 0.5 0.23588105
1.625686 0.43750553 0.36089065
1.6277361 0.37504647 0.48587384
1.6215738 0.56252793 0.11084391
1.8781055 0.62495535 0.48142705
1.8757783 0.56249469 0.35644319
1.8757848 0.68748409 0.35647522
1.8734489 0.5 0.23143395
1.8757783 0.43750531 0.35644319
1.8781055 0.37504465 0.48142705
1.871112 0.56252683 0.10639825
1.6195013 0.62508736 -0.01422174
1.6215776 0.68758396 0.11087669
1.6236436 0.75004688 0.2359466
1.6215849 0.81264063 0.11094073
1.6195122 0.87525818 -0.014095746
1.6215949 0.93769861 0.11103168
1.6257052 0.81247221 0.36099082
1.8687624 0.62508392 -0.018664832
1.8711158 0.68758065 0.10642974
1.8734589 0.75004504 0.23149691
1.8711231 0.81263509 0.10649126
1.8687734 0.87524802 -0.018543802
1.8711331 0.9376908 0.10657862
1.8757976 0.81247329 0.35653939
1.6297795 0.43754117 0.61079694
1.6297892 0.31262353 0.6108314
1.6318277 0.5 0.73569396
1.6297795 0.56245883 0.61079694
1.6297892 0.68737647 0.6108314
1.6338858 0.5624228 0.86056507
1.6338858 0.4375772 0.86056507
1.880426 0.43753956 0.60635318
1.8804358 0.31261868 0.60638627
1.8827513 0.5 0.73125425
1.880426 0.56246044 0.60635318
1.8804358 0.68738132 0.60638627
1.8850866 0.56242583 0.85613042
1.8850866 0.43757417 0.85613042
