MFEM mesh v1.0

#
# MFEM Geometry Types (see fem/geom.hpp):
#
# POINT       = 0
# SEGMENT     = 1
# TRIANGLE    = 2
# SQUARE      = 3
# TETRAHEDRON = 4
# CUBE        = 5
# PRISM       = 6
#

dimension
3

elements
1000
1 6 32 137 139 143 527 529
1 6 138 139 137 528 529 527
1 6 137 99 138 527 144 528
1 6 139 138 98 529 528 145
1 6 143 527 529 8 140 142
1 6 528 529 527 141 142 140
1 6 527 144 528 140 35 141
1 6 529 528 145 142 141 33
1 6 100 146 147 150 530 531
1 6 138 147 146 528 531 530
1 6 146 98 138 530 145 528
1 6 147 138 99 531 528 144
1 6 150 530 531 36 148 149
1 6 528 531 530 141 149 148
1 6 530 145 528 148 33 141
1 6 531 528 144 149 141 35
1 6 99 151 147 144 532 531
1 6 152 147 151 533 531 532
1 6 151 37 152 532 155 533
1 6 147 152 100 531 533 150
1 6 144 532 531 35 153 149
1 6 533 531 532 154 149 153
1 6 532 155 533 153 3 154
1 6 531 533 150 149 154 36
1 6 98 146 157 145 530 535
1 6 156 157 146 534 535 530
1 6 146 100 156 530 150 534
1 6 157 156 34 535 534 160
1 6 145 530 535 33 148 159
1 6 534 535 530 158 159 148
1 6 530 150 534 148 36 158
1 6 535 534 160 159 158 9
2 6 0 161 163 167 536 538
2 6 162 163 161 537 538 536
2 6 161 29 162 536 168 537
2 6 163 162 31 538 537 169
2 6 167 536 538 41 164 166
2 6 537 538 536 165 166 164
2 6 536 168 537 164 101 165
2 6 538 537 169 166 165 103
2 6 30 170 171 174 539 540
2 6 162 171 170 537 540 539
2 6 170 31 162 539 169 537
2 6 171 162 29 540 537 168
2 6 174 539 540 102 172 173
2 6 537 540 539 165 173 172
2 6 539 169 537 172 103 165
2 6 540 537 168 173 165 101
2 6 29 175 171 168 541 540
2 6 176 171 175 542 540 541
2 6 175 8 176 541 179 542
2 6 171 176 30 540 542 174
2 6 168 541 540 101 177 173
2 6 542 540 541 178 173 177
2 6 541 179 542 177 42 178
2 6 540 542 174 173 178 102
2 6 31 170 181 169 539 544
2 6 180 181 170 543 544 539
2 6 170 30 180 539 174 543
2 6 181 180 10 544 543 184
2 6 169 539 544 103 172 183
2 6 543 544 539 182 183 172
2 6 539 174 543 172 102 182
2 6 544 543 184 183 182 43
2 6 41 164 166 188 545 547
2 6 165 166 164 546 547 545
2 6 164 101 165 545 189 546
2 6 166 165 103 547 546 190
2 6 188 545 547 14 185 187
2 6 546 547 545 186 187 185
2 6 545 189 546 185 38 186
2 6 547 546 190 187 186 40
2 6 102 172 173 193 548 549
2 6 165 173 172 546 549 548
2 6 172 103 165 548 190 546
2 6 173 165 101 549 546 189
2 6 193 548 549 39 191 192
2 6 546 549 548 186 192 191
2 6 548 190 546 191 40 186
2 6 549 546 189 192 186 38
2 6 101 177 173 189 550 549
2 6 178 173 177 551 549 550
2 6 177 42 178 550 196 551
2 6 173 178 102 549 551 193
2 6 189 550 549 38 194 192
2 6 551 549 550 195 192 194
2 6 550 196 551 194 23 195
2 6 549 551 193 192 195 39
2 6 103 172 183 190 548 553
2 6 182 183 172 552 553 548
2 6 172 102 182 548 193 552
2 6 183 182 43 553 552 199
2 6 190 548 553 40 191 198
2 6 552 553 548 197 198 191
2 6 548 193 552 191 39 197
2 6 553 552 199 198 197 25
2 6 33 200 142 203 554 555
2 6 176 142 200 542 555 554
2 6 200 30 176 554 174 542
2 6 142 176 8 555 542 179
2 6 203 554 555 105 201 202
2 6 542 555 554 178 202 201
2 6 554 174 542 201 102 178
2 6 555 542 179 202 178 42
2 6 46 204 206 210 556 558
2 6 205 206 204 557 558 556
2 6 204 104 205 556 211 557
2 6 206 205 105 558 557 212
2 6 210 556 558 24 207 209
2 6 557 558 556 208 209 207
2 6 556 211 557 207 44 208
2 6 558 557 212 209 208 45
2 6 102 201 213 193 559 560
2 6 205 213 201 557 560 559
2 6 201 105 205 559 212 557
2 6 213 205 104 560 557 211
2 6 193 559 560 39 214 215
2 6 557 560 559 208 215 214
2 6 559 212 557 214 45 208
2 6 560 557 211 215 208 44
2 6 104 216 213 211 561 560
2 6 182 213 216 552 560 561
2 6 216 43 182 561 199 552
2 6 213 182 102 560 552 193
2 6 211 561 560 44 217 215
2 6 552 560 561 197 215 217
2 6 561 199 552 217 25 197
2 6 560 552 193 215 197 39
2 6 105 201 202 212 559 562
2 6 178 202 201 551 562 559
2 6 201 102 178 559 193 551
2 6 202 178 42 562 551 196
2 6 212 559 562 45 214 218
2 6 551 562 559 195 218 214
2 6 559 193 551 214 39 195
2 6 562 551 196 218 195 23
2 6 8 140 142 179 563 555
2 6 141 142 140 564 555 563
2 6 140 35 141 563 221 564
2 6 142 141 33 555 564 203
2 6 179 563 555 42 219 202
2 6 564 555 563 220 202 219
2 6 563 221 564 219 106 220
2 6 555 564 203 202 220 105
2 6 36 148 149 224 565 566
2 6 141 149 148 564 566 565
2 6 148 33 141 565 203 564
2 6 149 141 35 566 564 221
2 6 224 565 566 107 222 223
2 6 564 566 565 220 223 222
2 6 565 203 564 222 105 220
2 6 566 564 221 223 220 106
2 6 35 153 149 221 567 566
2 6 154 149 153 568 566 567
2 6 153 3 154 567 227 568
2 6 149 154 36 566 568 224
2 6 221 567 566 106 225 223
2 6 568 566 567 226 223 225
2 6 567 227 568 225 49 226
2 6 566 568 224 223 226 107
2 6 33 148 159 203 565 570
2 6 158 159 148 569 570 565
2 6 148 36 158 565 224 569
2 6 159 158 9 570 569 229
2 6 203 565 570 105 222 206
2 6 569 570 565 228 206 222
2 6 565 224 569 222 107 228
2 6 570 569 229 206 228 46
2 6 42 219 202 196 571 562
2 6 220 202 219 572 562 571
2 6 219 106 220 571 232 572
2 6 202 220 105 562 572 212
2 6 196 571 562 23 230 218
2 6 572 562 571 231 218 230
2 6 571 232 572 230 47 231
2 6 562 572 212 218 231 45
2 6 107 222 223 235 573 574
2 6 220 223 222 572 574 573
2 6 222 105 220 573 212 572
2 6 223 220 106 574 572 232
2 6 235 573 574 48 233 234
2 6 572 574 573 231 234 233
2 6 573 212 572 233 45 231
2 6 574 572 232 234 231 47
2 6 106 225 223 232 575 574
2 6 226 223 225 576 574 575
2 6 225 49 226 575 238 576
2 6 223 226 107 574 576 235
2 6 232 575 574 47 236 234
2 6 576 574 575 237 234 236
2 6 575 238 576 236 15 237
2 6 574 576 235 234 237 48
2 6 105 222 206 212 573 558
2 6 228 206 222 577 558 573
2 6 222 107 228 573 235 577
2 6 206 228 46 558 577 210
2 6 212 573 558 45 233 209
2 6 577 558 573 239 209 233
2 6 573 235 577 233 48 239
2 6 558 577 210 209 239 24
2 6 43 216 241 199 561 579
2 6 240 241 216 578 579 561
2 6 216 104 240 561 211 578
2 6 241 240 109 579 578 244
2 6 199 561 579 25 217 243
2 6 578 579 561 242 243 217
2 6 561 211 578 217 44 242
2 6 579 578 244 243 242 51
2 6 108 245 246 249 580 581
2 6 240 246 245 578 581 580
2 6 245 109 240 580 244 578
2 6 246 240 104 581 578 211
2 6 249 580 581 50 247 248
2 6 578 581 580 242 248 247
2 6 580 244 578 247 51 242
2 6 581 578 211 248 242 44
2 6 104 204 246 211 556 581
2 6 250 246 204 582 581 556
2 6 204 46 250 556 210 582
2 6 246 250 108 581 582 249
2 6 211 556 581 44 207 248
2 6 582 581 556 251 248 207
2 6 556 210 582 207 24 251
2 6 581 582 249 248 251 50
2 6 109 245 253 244 580 584
2 6 252 253 245 583 584 580
2 6 245 108 252 580 249 583
2 6 253 252 52 584 583 256
2 6 244 580 584 51 247 255
2 6 583 584 580 254 255 247
2 6 580 249 583 247 50 254
2 6 584 583 256 255 254 16
2 6 14 185 187 260 585 587
2 6 186 187 185 586 587 585
2 6 185 38 186 585 261 586
2 6 187 186 40 587 586 262
2 6 260 585 587 56 257 259
2 6 586 587 585 258 259 257
2 6 585 261 586 257 110 258
2 6 587 586 262 259 258 112
2 6 39 191 192 265 588 589
2 6 186 192 191 586 589 588
2 6 191 40 186 588 262 586
2 6 192 186 38 589 586 261
2 6 265 588 589 111 263 264
2 6 586 589 588 258 264 263
2 6 588 262 586 263 112 258
2 6 589 586 261 264 258 110
2 6 38 194 192 261 590 589
2 6 195 192 194 591 589 590
2 6 194 23 195 590 268 591
2 6 192 195 39 589 591 265
2 6 261 590 589 110 266 264
2 6 591 589 590 267 264 266
2 6 590 268 591 266 57 267
2 6 589 591 265 264 267 111
2 6 40 191 198 262 588 593
2 6 197 198 191 592 593 588
2 6 191 39 197 588 265 592
2 6 198 197 25 593 592 271
2 6 262 588 593 112 263 270
2 6 592 593 588 269 270 263
2 6 588 265 592 263 111 269
2 6 593 592 271 270 269 58
2 6 56 257 259 275 594 596
2 6 258 259 257 595 596 594
2 6 257 110 258 594 276 595
2 6 259 258 112 596 595 277
2 6 275 594 596 1 272 274
2 6 595 596 594 273 274 272
2 6 594 276 595 272 53 273
2 6 596 595 277 274 273 55
2 6 111 263 264 280 597 598
2 6 258 264 263 595 598 597
2 6 263 112 258 597 277 595
2 6 264 258 110 598 595 276
2 6 280 597 598 54 278 279
2 6 595 598 597 273 279 278
2 6 597 277 595 278 55 273
2 6 598 595 276 279 273 53
2 6 110 266 264 276 599 598
2 6 267 264 266 600 598 599
2 6 266 57 267 599 283 600
2 6 264 267 111 598 600 280
2 6 276 599 598 53 281 279
2 6 600 598 599 282 279 281
2 6 599 283 600 281 11 282
2 6 598 600 280 279 282 54
2 6 112 263 270 277 597 602
2 6 269 270 263 601 602 597
2 6 263 111 269 597 280 601
2 6 270 269 58 602 601 286
2 6 277 597 602 55 278 285
2 6 601 602 597 284 285 278
2 6 597 280 601 278 54 284
2 6 602 601 286 285 284 13
2 6 24 207 209 290 603 605
2 6 208 209 207 604 605 603
2 6 207 44 208 603 291 604
2 6 209 208 45 605 604 292
2 6 290 603 605 61 287 289
2 6 604 605 603 288 289 287
2 6 603 291 604 287 113 288
2 6 605 604 292 289 288 114
2 6 39 214 215 265 606 607
2 6 208 215 214 604 607 606
2 6 214 45 208 606 292 604
2 6 215 208 44 607 604 291
2 6 265 606 607 111 293 294
2 6 604 607 606 288 294 293
2 6 606 292 604 293 114 288
2 6 607 604 291 294 288 113
2 6 44 217 215 291 608 607
2 6 197 215 217 592 607 608
2 6 217 25 197 608 271 592
2 6 215 197 39 607 592 265
2 6 291 608 607 113 295 294
2 6 592 607 608 269 294 295
2 6 608 271 592 295 58 269
2 6 607 592 265 294 269 111
2 6 45 214 218 292 606 609
2 6 195 218 214 591 609 606
2 6 214 39 195 606 265 591
2 6 218 195 23 609 591 268
2 6 292 606 609 114 293 296
2 6 591 609 606 267 296 293
2 6 606 265 591 293 111 267
2 6 609 591 268 296 267 57
2 6 61 287 289 300 610 612
2 6 288 289 287 611 612 610
2 6 287 113 288 610 301 611
2 6 289 288 114 612 611 302
2 6 300 610 612 12 297 299
2 6 611 612 610 298 299 297
2 6 610 301 611 297 59 298
2 6 612 611 302 299 298 60
2 6 111 293 294 280 613 614
2 6 288 294 293 611 614 613
2 6 293 114 288 613 302 611
2 6 294 288 113 614 611 301
2 6 280 613 614 54 303 304
2 6 611 614 613 298 304 303
2 6 613 302 611 303 60 298
2 6 614 611 301 304 298 59
2 6 113 295 294 301 615 614
2 6 269 294 295 601 614 615
2 6 295 58 269 615 286 601
2 6 294 269 111 614 601 280
2 6 301 615 614 59 305 304
2 6 601 614 615 284 304 305
2 6 615 286 601 305 13 284
2 6 614 601 280 304 284 54
2 6 114 293 296 302 613 616
2 6 267 296 293 600 616 613
2 6 293 111 267 613 280 600
2 6 296 267 57 616 600 283
2 6 302 613 616 60 303 306
2 6 600 616 613 282 306 303
2 6 613 280 600 303 54 282
2 6 616 600 283 306 282 11
2 6 23 230 218 268 617 609
2 6 231 218 230 618 609 617
2 6 230 47 231 617 309 618
2 6 218 231 45 609 618 292
2 6 268 617 609 57 307 296
2 6 618 609 617 308 296 307
2 6 617 309 618 307 115 308
2 6 609 618 292 296 308 114
2 6 48 233 234 312 619 620
2 6 231 234 233 618 620 619
2 6 233 45 231 619 292 618
2 6 234 231 47 620 618 309
2 6 312 619 620 116 310 311
2 6 618 620 619 308 311 310
2 6 619 292 618 310 114 308
2 6 620 618 309 311 308 115
2 6 47 236 234 309 621 620
2 6 237 234 236 622 620 621
2 6 236 15 237 621 315 622
2 6 234 237 48 620 622 312
2 6 309 621 620 115 313 311
2 6 622 620 621 314 311 313
2 6 621 315 622 313 64 314
2 6 620 622 312 311 314 116
2 6 45 233 209 292 619 605
2 6 239 209 233 623 605 619
2 6 233 48 239 619 312 623
2 6 209 239 24 605 623 290
2 6 292 619 605 114 310 289
2 6 623 605 619 316 289 310
2 6 619 312 623 310 116 316
2 6 605 623 290 289 316 61
2 6 57 307 296 283 624 616
2 6 308 296 307 625 616 624
2 6 307 115 308 624 319 625
2 6 296 308 114 616 625 302
2 6 283 624 616 11 317 306
2 6 625 616 624 318 306 317
2 6 624 319 625 317 62 318
2 6 616 625 302 306 318 60
2 6 116 310 311 322 626 627
2 6 308 311 310 625 627 626
2 6 310 114 308 626 302 625
2 6 311 308 115 627 625 319
2 6 322 626 627 63 320 321
2 6 625 627 626 318 321 320
2 6 626 302 625 320 60 318
2 6 627 625 319 321 318 62
2 6 115 313 311 319 628 627
2 6 314 311 313 629 627 628
2 6 313 64 314 628 325 629
2 6 311 314 116 627 629 322
2 6 319 628 627 62 323 321
2 6 629 627 628 324 321 323
2 6 628 325 629 323 4 324
2 6 627 629 322 321 324 63
2 6 114 310 289 302 626 612
2 6 316 289 310 630 612 626
2 6 310 116 316 626 322 630
2 6 289 316 61 612 630 300
2 6 302 626 612 60 320 299
2 6 630 612 626 326 299 320
2 6 626 322 630 320 63 326
2 6 612 630 300 299 326 12
2 6 25 217 243 271 608 632
2 6 242 243 217 631 632 608
2 6 217 44 242 608 291 631
2 6 243 242 51 632 631 329
2 6 271 608 632 58 295 328
2 6 631 632 608 327 328 295
2 6 608 291 631 295 113 327
2 6 632 631 329 328 327 118
2 6 50 247 248 332 633 634
2 6 242 248 247 631 634 633
2 6 247 51 242 633 329 631
2 6 248 242 44 634 631 291
2 6 332 633 634 117 330 331
2 6 631 634 633 327 331 330
2 6 633 329 631 330 118 327
2 6 634 631 291 331 327 113
2 6 44 207 248 291 603 634
2 6 251 248 207 635 634 603
2 6 207 24 251 603 290 635
2 6 248 251 50 634 635 332
2 6 291 603 634 113 287 331
2 6 635 634 603 333 331 287
2 6 603 290 635 287 61 333
2 6 634 635 332 331 333 117
2 6 51 247 255 329 633 637
2 6 254 255 247 636 637 633
2 6 247 50 254 633 332 636
2 6 255 254 16 637 636 336
2 6 329 633 637 118 330 335
2 6 636 637 633 334 335 330
2 6 633 332 636 330 117 334
2 6 637 636 336 335 334 67
2 6 58 295 328 286 615 639
2 6 327 328 295 638 639 615
2 6 295 113 327 615 301 638
2 6 328 327 118 639 638 339
2 6 286 615 639 13 305 338
2 6 638 639 615 337 338 305
2 6 615 301 638 305 59 337
2 6 639 638 339 338 337 66
2 6 117 330 331 342 640 641
2 6 327 331 330 638 641 640
2 6 330 118 327 640 339 638
2 6 331 327 113 641 638 301
2 6 342 640 641 65 340 341
2 6 638 641 640 337 341 340
2 6 640 339 638 340 66 337
2 6 641 638 301 341 337 59
2 6 113 287 331 301 610 641
2 6 333 331 287 642 641 610
2 6 287 61 333 610 300 642
2 6 331 333 117 641 642 342
2 6 301 610 641 59 297 341
2 6 642 641 610 343 341 297
2 6 610 300 642 297 12 343
2 6 641 642 342 341 343 65
2 6 118 330 335 339 640 644
2 6 334 335 330 643 644 640
2 6 330 117 334 640 342 643
2 6 335 334 67 644 643 346
2 6 339 640 644 66 340 345
2 6 643 644 640 344 345 340
2 6 640 342 643 340 65 344
2 6 644 643 346 345 344 6
2 6 1 272 274 350 645 647
2 6 273 274 272 646 647 645
2 6 272 53 273 645 351 646
2 6 274 273 55 647 646 352
2 6 350 645 647 71 347 349
2 6 646 647 645 348 349 347
2 6 645 351 646 347 119 348
2 6 647 646 352 349 348 121
2 6 54 278 279 355 648 649
2 6 273 279 278 646 649 648
2 6 278 55 273 648 352 646
2 6 279 273 53 649 646 351
2 6 355 648 649 120 353 354
2 6 646 649 648 348 354 353
2 6 648 352 646 353 121 348
2 6 649 646 351 354 348 119
2 6 53 281 279 351 650 649
2 6 282 279 281 651 649 650
2 6 281 11 282 650 358 651
2 6 279 282 54 649 651 355
2 6 351 650 649 119 356 354
2 6 651 649 650 357 354 356
2 6 650 358 651 356 72 357
2 6 649 651 355 354 357 120
2 6 55 278 285 352 648 653
2 6 284 285 278 652 653 648
2 6 278 54 284 648 355 652
2 6 285 284 13 653 652 361
2 6 352 648 653 121 353 360
2 6 652 653 648 359 360 353
2 6 648 355 652 353 120 359
2 6 653 652 361 360 359 73
2 6 71 347 349 365 654 656
2 6 348 349 347 655 656 654
2 6 347 119 348 654 366 655
2 6 349 348 121 656 655 367
2 6 365 654 656 20 362 364
2 6 655 656 654 363 364 362
2 6 654 366 655 362 68 363
2 6 656 655 367 364 363 70
2 6 120 353 354 370 657 658
2 6 348 354 353 655 658 657
2 6 353 121 348 657 367 655
2 6 354 348 119 658 655 366
2 6 370 657 658 69 368 369
2 6 655 658 657 363 369 368
2 6 657 367 655 368 70 363
2 6 658 655 366 369 363 68
2 6 119 356 354 366 659 658
2 6 357 354 356 660 658 659
2 6 356 72 357 659 373 660
2 6 354 357 120 658 660 370
2 6 366 659 658 68 371 369
2 6 660 658 659 372 369 371
2 6 659 373 660 371 26 372
2 6 658 660 370 369 372 69
2 6 121 353 360 367 657 662
2 6 359 360 353 661 662 657
2 6 353 120 359 657 370 661
2 6 360 359 73 662 661 376
2 6 367 657 662 70 368 375
2 6 661 662 657 374 375 368
2 6 657 370 661 368 69 374
2 6 662 661 376 375 374 28
2 6 12 297 299 380 663 665
2 6 298 299 297 664 665 663
2 6 297 59 298 663 381 664
2 6 299 298 60 665 664 382
2 6 380 663 665 76 377 379
2 6 664 665 663 378 379 377
2 6 663 381 664 377 122 378
2 6 665 664 382 379 378 123
2 6 54 303 304 355 666 667
2 6 298 304 303 664 667 666
2 6 303 60 298 666 382 664
2 6 304 298 59 667 664 381
2 6 355 666 667 120 383 384
2 6 664 667 666 378 384 383
2 6 666 382 664 383 123 378
2 6 667 664 381 384 378 122
2 6 59 305 304 381 668 667
2 6 284 304 305 652 667 668
2 6 305 13 284 668 361 652
2 6 304 284 54 667 652 355
2 6 381 668 667 122 385 384
2 6 652 667 668 359 384 385
2 6 668 361 652 385 73 359
2 6 667 652 355 384 359 120
2 6 60 303 306 382 666 669
2 6 282 306 303 651 669 666
2 6 303 54 282 666 355 651
2 6 306 282 11 669 651 358
2 6 382 666 669 123 383 386
2 6 651 669 666 357 386 383
2 6 666 355 651 383 120 357
2 6 669 651 358 386 357 72
2 6 76 377 379 390 670 672
2 6 378 379 377 671 672 670
2 6 377 122 378 670 391 671
2 6 379 378 123 672 671 392
2 6 390 670 672 27 387 389
2 6 671 672 670 388 389 387
2 6 670 391 671 387 74 388
2 6 672 671 392 389 388 75
2 6 120 383 384 370 673 674
2 6 378 384 383 671 674 673
2 6 383 123 378 673 392 671
2 6 384 378 122 674 671 391
2 6 370 673 674 69 393 394
2 6 671 674 673 388 394 393
2 6 673 392 671 393 75 388
2 6 674 671 391 394 388 74
2 6 122 385 384 391 675 674
2 6 359 384 385 661 674 675
2 6 385 73 359 675 376 661
2 6 384 359 120 674 661 370
2 6 391 675 674 74 395 394
2 6 661 674 675 374 394 395
2 6 675 376 661 395 28 374
2 6 674 661 370 394 374 69
2 6 123 383 386 392 673 676
2 6 357 386 383 660 676 673
2 6 383 120 357 673 370 660
2 6 386 357 72 676 660 373
2 6 392 673 676 75 393 396
2 6 660 676 673 372 396 393
2 6 673 370 660 393 69 372
2 6 676 660 373 396 372 26
2 6 11 317 306 358 677 669
2 6 318 306 317 678 669 677
2 6 317 62 318 677 399 678
2 6 306 318 60 669 678 382
2 6 358 677 669 72 397 386
2 6 678 669 677 398 386 397
2 6 677 399 678 397 124 398
2 6 669 678 382 386 398 123
2 6 63 320 321 402 679 680
2 6 318 321 320 678 680 679
2 6 320 60 318 679 382 678
2 6 321 318 62 680 678 399
2 6 402 679 680 125 400 401
2 6 678 680 679 398 401 400
2 6 679 382 678 400 123 398
2 6 680 678 399 401 398 124
2 6 62 323 321 399 681 680
2 6 324 321 323 682 680 681
2 6 323 4 324 681 405 682
2 6 321 324 63 680 682 402
2 6 399 681 680 124 403 401
2 6 682 680 681 404 401 403
2 6 681 405 682 403 79 404
2 6 680 682 402 401 404 125
2 6 60 320 299 382 679 665
2 6 326 299 320 683 665 679
2 6 320 63 326 679 402 683
2 6 299 326 12 665 683 380
2 6 382 679 665 123 400 379
2 6 683 665 679 406 379 400
2 6 679 402 683 400 125 406
2 6 665 683 380 379 406 76
2 6 72 397 386 373 684 676
2 6 398 386 397 685 676 684
2 6 397 124 398 684 409 685
2 6 386 398 123 676 685 392
2 6 373 684 676 26 407 396
2 6 685 676 684 408 396 407
2 6 684 409 685 407 77 408
2 6 676 685 392 396 408 75
2 6 125 400 401 412 686 687
2 6 398 401 400 685 687 686
2 6 400 123 398 686 392 685
2 6 401 398 124 687 685 409
2 6 412 686 687 78 410 411
2 6 685 687 686 408 411 410
2 6 686 392 685 410 75 408
2 6 687 685 409 411 408 77
2 6 124 403 401 409 688 687
2 6 404 401 403 689 687 688
2 6 403 79 404 688 415 689
2 6 401 404 125 687 689 412
2 6 409 688 687 77 413 411
2 6 689 687 688 414 411 413
2 6 688 415 689 413 21 414
2 6 687 689 412 411 414 78
2 6 123 400 379 392 686 672
2 6 406 379 400 690 672 686
2 6 400 125 406 686 412 690
2 6 379 406 76 672 690 390
2 6 392 686 672 75 410 389
2 6 690 672 686 416 389 410
2 6 686 412 690 410 78 416
2 6 672 690 390 389 416 27
2 6 13 305 338 361 668 692
2 6 337 338 305 691 692 668
2 6 305 59 337 668 381 691
2 6 338 337 66 692 691 419
2 6 361 668 692 73 385 418
2 6 691 692 668 417 418 385
2 6 668 381 691 385 122 417
2 6 692 691 419 418 417 127
2 6 65 340 341 422 693 694
2 6 337 341 340 691 694 693
2 6 340 66 337 693 419 691
2 6 341 337 59 694 691 381
2 6 422 693 694 126 420 421
2 6 691 694 693 417 421 420
2 6 693 419 691 420 127 417
2 6 694 691 381 421 417 122
2 6 59 297 341 381 663 694
2 6 343 341 297 695 694 663
2 6 297 12 343 663 380 695
2 6 341 343 65 694 695 422
2 6 381 663 694 122 377 421
2 6 695 694 663 423 421 377
2 6 663 380 695 377 76 423
2 6 694 695 422 421 423 126
2 6 66 340 345 419 693 697
2 6 344 345 340 696 697 693
2 6 340 65 344 693 422 696
2 6 345 344 6 697 696 426
2 6 419 693 697 127 420 425
2 6 696 697 693 424 425 420
2 6 693 422 696 420 126 424
2 6 697 696 426 425 424 82
2 6 73 385 418 376 675 699
2 6 417 418 385 698 699 675
2 6 385 122 417 675 391 698
2 6 418 417 127 699 698 429
2 6 376 675 699 28 395 428
2 6 698 699 675 427 428 395
2 6 675 391 698 395 74 427
2 6 699 698 429 428 427 81
2 6 126 420 421 432 700 701
2 6 417 421 420 698 701 700
2 6 420 127 417 700 429 698
2 6 421 417 122 701 698 391
2 6 432 700 701 80 430 431
2 6 698 701 700 427 431 430
2 6 700 429 698 430 81 427
2 6 701 698 391 431 427 74
2 6 122 377 421 391 670 701
2 6 423 421 377 702 701 670
2 6 377 76 423 670 390 702
2 6 421 423 126 701 702 432
2 6 391 670 701 74 387 431
2 6 702 701 670 433 431 387
2 6 670 390 702 387 27 433
2 6 701 702 432 431 433 80
2 6 127 420 425 429 700 704
2 6 424 425 420 703 704 700
2 6 420 126 424 700 432 703
2 6 425 424 82 704 703 436
2 6 429 700 704 81 430 435
2 6 703 704 700 434 435 430
2 6 700 432 703 430 80 434
2 6 704 703 436 435 434 22
2 6 20 362 364 440 705 707
2 6 363 364 362 706 707 705
2 6 362 68 363 705 441 706
2 6 364 363 70 707 706 442
2 6 440 705 707 86 437 439
2 6 706 707 705 438 439 437
2 6 705 441 706 437 128 438
2 6 707 706 442 439 438 130
2 6 69 368 369 445 708 709
2 6 363 369 368 706 709 708
2 6 368 70 363 708 442 706
2 6 369 363 68 709 706 441
2 6 445 708 709 129 443 444
2 6 706 709 708 438 444 443
2 6 708 442 706 443 130 438
2 6 709 706 441 444 438 128
2 6 68 371 369 441 710 709
2 6 372 369 371 711 709 710
2 6 371 26 372 710 448 711
2 6 369 372 69 709 711 445
2 6 441 710 709 128 446 444
2 6 711 709 710 447 444 446
2 6 710 448 711 446 87 447
2 6 709 711 445 444 447 129
2 6 70 368 375 442 708 713
2 6 374 375 368 712 713 708
2 6 368 69 374 708 445 712
2 6 375 374 28 713 712 451
2 6 442 708 713 130 443 450
2 6 712 713 708 449 450 443
2 6 708 445 712 443 129 449
2 6 713 712 451 450 449 88
2 6 86 437 439 455 714 716
2 6 438 439 437 715 716 714
2 6 437 128 438 714 456 715
2 6 439 438 130 716 715 457
2 6 455 714 716 2 452 454
2 6 715 716 714 453 454 452
2 6 714 456 715 452 83 453
2 6 716 715 457 454 453 85
2 6 129 443 444 460 717 718
2 6 438 444 443 715 718 717
2 6 443 130 438 717 457 715
2 6 444 438 128 718 715 456
2 6 460 717 718 84 458 459
2 6 715 718 717 453 459 458
2 6 717 457 715 458 85 453
2 6 718 715 456 459 453 83
2 6 128 446 444 456 719 718
2 6 447 444 446 720 718 719
2 6 446 87 447 719 463 720
2 6 444 447 129 718 720 460
2 6 456 719 718 83 461 459
2 6 720 718 719 462 459 461
2 6 719 463 720 461 17 462
2 6 718 720 460 459 462 84
2 6 130 443 450 457 717 722
2 6 449 450 443 721 722 717
2 6 443 129 449 717 460 721
2 6 450 449 88 722 721 466
2 6 457 717 722 85 458 465
2 6 721 722 717 464 465 458
2 6 717 460 721 458 84 464
2 6 722 721 466 465 464 19
2 6 27 387 389 470 723 725
2 6 388 389 387 724 725 723
2 6 387 74 388 723 471 724
2 6 389 388 75 725 724 472
2 6 470 723 725 91 467 469
2 6 724 725 723 468 469 467
2 6 723 471 724 467 131 468
2 6 725 724 472 469 468 132
2 6 69 393 394 445 726 727
2 6 388 394 393 724 727 726
2 6 393 75 388 726 472 724
2 6 394 388 74 727 724 471
2 6 445 726 727 129 473 474
2 6 724 727 726 468 474 473
2 6 726 472 724 473 132 468
2 6 727 724 471 474 468 131
2 6 74 395 394 471 728 727
2 6 374 394 395 712 727 728
2 6 395 28 374 728 451 712
2 6 394 374 69 727 712 445
2 6 471 728 727 131 475 474
2 6 712 727 728 449 474 475
2 6 728 451 712 475 88 449
2 6 727 712 445 474 449 129
2 6 75 393 396 472 726 729
2 6 372 396 393 711 729 726
2 6 393 69 372 726 445 711
2 6 396 372 26 729 711 448
2 6 472 726 729 132 473 476
2 6 711 729 726 447 476 473
2 6 726 445 711 473 129 447
2 6 729 711 448 476 447 87
2 6 91 467 469 480 730 732
2 6 468 469 467 731 732 730
2 6 467 131 468 730 481 731
2 6 469 468 132 732 731 482
2 6 480 730 732 18 477 479
2 6 731 732 730 478 479 477
2 6 730 481 731 477 89 478
2 6 732 731 482 479 478 90
2 6 129 473 474 460 733 734
2 6 468 474 473 731 734 733
2 6 473 132 468 733 482 731
2 6 474 468 131 734 731 481
2 6 460 733 734 84 483 484
2 6 731 734 733 478 484 483
2 6 733 482 731 483 90 478
2 6 734 731 481 484 478 89
2 6 131 475 474 481 735 734
2 6 449 474 475 721 734 735
2 6 475 88 449 735 466 721
2 6 474 449 129 734 721 460
2 6 481 735 734 89 485 484
2 6 721 734 735 464 484 485
2 6 735 466 721 485 19 464
2 6 734 721 460 484 464 84
2 6 132 473 476 482 733 736
2 6 447 476 473 720 736 733
2 6 473 129 447 733 460 720
2 6 476 447 87 736 720 463
2 6 482 733 736 90 483 486
2 6 720 736 733 462 486 483
2 6 733 460 720 483 84 462
2 6 736 720 463 486 462 17
2 6 26 407 396 448 737 729
2 6 408 396 407 738 729 737
2 6 407 77 408 737 489 738
2 6 396 408 75 729 738 472
2 6 448 737 729 87 487 476
2 6 738 729 737 488 476 487
2 6 737 489 738 487 133 488
2 6 729 738 472 476 488 132
2 6 78 410 411 492 739 740
2 6 408 411 410 738 740 739
2 6 410 75 408 739 472 738
2 6 411 408 77 740 738 489
2 6 492 739 740 134 490 491
2 6 738 740 739 488 491 490
2 6 739 472 738 490 132 488
2 6 740 738 489 491 488 133
2 6 77 413 411 489 741 740
2 6 414 411 413 742 740 741
2 6 413 21 414 741 495 742
2 6 411 414 78 740 742 492
2 6 489 741 740 133 493 491
2 6 742 740 741 494 491 493
2 6 741 495 742 493 94 494
2 6 740 742 492 491 494 134
2 6 75 410 389 472 739 725
2 6 416 389 410 743 725 739
2 6 410 78 416 739 492 743
2 6 389 416 27 725 743 470
2 6 472 739 725 132 490 469
2 6 743 725 739 496 469 490
2 6 739 492 743 490 134 496
2 6 725 743 470 469 496 91
2 6 87 487 476 463 744 736
2 6 488 476 487 745 736 744
2 6 487 133 488 744 499 745
2 6 476 488 132 736 745 482
2 6 463 744 736 17 497 486
2 6 745 736 744 498 486 497
2 6 744 499 745 497 92 498
2 6 736 745 482 486 498 90
2 6 134 490 491 502 746 747
2 6 488 491 490 745 747 746
2 6 490 132 488 746 482 745
2 6 491 488 133 747 745 499
2 6 502 746 747 93 500 501
2 6 745 747 746 498 501 500
2 6 746 482 745 500 90 498
2 6 747 745 499 501 498 92
2 6 133 493 491 499 748 747
2 6 494 491 493 749 747 748
2 6 493 94 494 748 505 749
2 6 491 494 134 747 749 502
2 6 499 748 747 92 503 501
2 6 749 747 748 504 501 503
2 6 748 505 749 503 5 504
2 6 747 749 502 501 504 93
2 6 132 490 469 482 746 732
2 6 496 469 490 750 732 746
2 6 490 134 496 746 502 750
2 6 469 496 91 732 750 480
2 6 482 746 732 90 500 479
2 6 750 732 746 506 479 500
2 6 746 502 750 500 93 506
2 6 732 750 480 479 506 18
2 6 28 395 428 451 728 752
2 6 427 428 395 751 752 728
2 6 395 74 427 728 471 751
2 6 428 427 81 752 751 509
2 6 451 728 752 88 475 508
2 6 751 752 728 507 508 475
2 6 728 471 751 475 131 507
2 6 752 751 509 508 507 136
2 6 80 430 431 512 753 754
2 6 427 431 430 751 754 753
2 6 430 81 427 753 509 751
2 6 431 427 74 754 751 471
2 6 512 753 754 135 510 511
2 6 751 754 753 507 511 510
2 6 753 509 751 510 136 507
2 6 754 751 471 511 507 131
2 6 74 387 431 471 723 754
2 6 433 431 387 755 754 723
2 6 387 27 433 723 470 755
2 6 431 433 80 754 755 512
2 6 471 723 754 131 467 511
2 6 755 754 723 513 511 467
2 6 723 470 755 467 91 513
2 6 754 755 512 511 513 135
2 6 81 430 435 509 753 757
2 6 434 435 430 756 757 753
2 6 430 80 434 753 512 756
2 6 435 434 22 757 756 516
2 6 509 753 757 136 510 515
2 6 756 757 753 514 515 510
2 6 753 512 756 510 135 514
2 6 757 756 516 515 514 97
2 6 88 475 508 466 735 759
2 6 507 508 475 758 759 735
2 6 475 131 507 735 481 758
2 6 508 507 136 759 758 519
2 6 466 735 759 19 485 518
2 6 758 759 735 517 518 485
2 6 735 481 758 485 89 517
2 6 759 758 519 518 517 96
2 6 135 510 511 522 760 761
2 6 507 511 510 758 761 760
2 6 510 136 507 760 519 758
2 6 511 507 131 761 758 481
2 6 522 760 761 95 520 521
2 6 758 761 760 517 521 520
2 6 760 519 758 520 96 517
2 6 761 758 481 521 517 89
2 6 131 467 511 481 730 761
2 6 513 511 467 762 761 730
2 6 467 91 513 730 480 762
2 6 511 513 135 761 762 522
2 6 481 730 761 89 477 521
2 6 762 761 730 523 521 477
2 6 730 480 762 477 18 523
2 6 761 762 522 521 523 95
2 6 136 510 515 519 760 764
2 6 514 515 510 763 764 760
2 6 510 135 514 760 522 763
2 6 515 514 97 764 763 526
2 6 519 760 764 96 520 525
2 6 763 764 760 524 525 520
2 6 760 522 763 520 95 524
2 6 764 763 526 525 524 7

boundary
532
3 3 99 151 532 144
3 3 151 37 155 532
3 3 532 155 3 153
3 3 144 532 153 35
3 3 32 137 527 143
3 3 137 99 144 527
3 3 527 144 35 140
3 3 143 527 140 8
3 3 0 161 536 167
3 3 161 29 168 536
3 3 536 168 101 164
3 3 167 536 164 41
3 3 29 175 541 168
3 3 175 8 179 541
3 3 541 179 42 177
3 3 168 541 177 101
3 3 101 177 550 189
3 3 177 42 196 550
3 3 550 196 23 194
3 3 189 550 194 38
3 3 41 164 545 188
3 3 164 101 189 545
3 3 545 189 38 185
3 3 188 545 185 14
3 3 8 140 563 179
3 3 140 35 221 563
3 3 563 221 106 219
3 3 179 563 219 42
3 3 35 153 567 221
3 3 153 3 227 567
3 3 567 227 49 225
3 3 221 567 225 106
3 3 106 225 575 232
3 3 225 49 238 575
3 3 575 238 15 236
3 3 232 575 236 47
3 3 42 219 571 196
3 3 219 106 232 571
3 3 571 232 47 230
3 3 196 571 230 23
3 3 23 230 617 268
3 3 230 47 309 617
3 3 617 309 115 307
3 3 268 617 307 57
3 3 47 236 621 309
3 3 236 15 315 621
3 3 621 315 64 313
3 3 309 621 313 115
3 3 115 313 628 319
3 3 313 64 325 628
3 3 628 325 4 323
3 3 319 628 323 62
3 3 57 307 624 283
3 3 307 115 319 624
3 3 624 319 62 317
3 3 283 624 317 11
3 3 14 185 585 260
3 3 185 38 261 585
3 3 585 261 110 257
3 3 260 585 257 56
3 3 38 194 590 261
3 3 194 23 268 590
3 3 590 268 57 266
3 3 261 590 266 110
3 3 110 266 599 276
3 3 266 57 283 599
3 3 599 283 11 281
3 3 276 599 281 53
3 3 56 257 594 275
3 3 257 110 276 594
3 3 594 276 53 272
3 3 275 594 272 1
3 3 1 272 645 350
3 3 272 53 351 645
3 3 645 351 119 347
3 3 350 645 347 71
3 3 53 281 650 351
3 3 281 11 358 650
3 3 650 358 72 356
3 3 351 650 356 119
3 3 119 356 659 366
3 3 356 72 373 659
3 3 659 373 26 371
3 3 366 659 371 68
3 3 71 347 654 365
3 3 347 119 366 654
3 3 654 366 68 362
3 3 365 654 362 20
3 3 11 317 677 358
3 3 317 62 399 677
3 3 677 399 124 397
3 3 358 677 397 72
3 3 62 323 681 399
3 3 323 4 405 681
3 3 681 405 79 403
3 3 399 681 403 124
3 3 124 403 688 409
3 3 403 79 415 688
3 3 688 415 21 413
3 3 409 688 413 77
3 3 72 397 684 373
3 3 397 124 409 684
3 3 684 409 77 407
3 3 373 684 407 26
3 3 26 407 737 448
3 3 407 77 489 737
3 3 737 489 133 487
3 3 448 737 487 87
3 3 77 413 741 489
3 3 413 21 495 741
3 3 741 495 94 493
3 3 489 741 493 133
3 3 133 493 748 499
3 3 493 94 505 748
3 3 748 505 5 503
3 3 499 748 503 92
3 3 87 487 744 463
3 3 487 133 499 744
3 3 744 499 92 497
3 3 463 744 497 17
3 3 20 362 705 440
3 3 362 68 441 705
3 3 705 441 128 437
3 3 440 705 437 86
3 3 68 371 710 441
3 3 371 26 448 710
3 3 710 448 87 446
3 3 441 710 446 128
3 3 128 446 719 456
3 3 446 87 463 719
3 3 719 463 17 461
3 3 456 719 461 83
3 3 86 437 714 455
3 3 437 128 456 714
3 3 714 456 83 452
3 3 455 714 452 2
3 3 109 241 579 244
3 3 241 43 199 579
3 3 579 199 25 243
3 3 244 579 243 51
3 3 52 253 584 256
3 3 253 109 244 584
3 3 584 244 51 255
3 3 256 584 255 16
3 3 10 181 544 184
3 3 181 31 169 544
3 3 544 169 103 183
3 3 184 544 183 43
3 3 31 163 538 169
3 3 163 0 167 538
3 3 538 167 41 166
3 3 169 538 166 103
3 3 103 166 547 190
3 3 166 41 188 547
3 3 547 188 14 187
3 3 190 547 187 40
3 3 43 183 553 199
3 3 183 103 190 553
3 3 553 190 40 198
3 3 199 553 198 25
3 3 25 198 593 271
3 3 198 40 262 593
3 3 593 262 112 270
3 3 271 593 270 58
3 3 40 187 587 262
3 3 187 14 260 587
3 3 587 260 56 259
3 3 262 587 259 112
3 3 112 259 596 277
3 3 259 56 275 596
3 3 596 275 1 274
3 3 277 596 274 55
3 3 58 270 602 286
3 3 270 112 277 602
3 3 602 277 55 285
3 3 286 602 285 13
3 3 16 255 637 336
3 3 255 51 329 637
3 3 637 329 118 335
3 3 336 637 335 67
3 3 51 243 632 329
3 3 243 25 271 632
3 3 632 271 58 328
3 3 329 632 328 118
3 3 118 328 639 339
3 3 328 58 286 639
3 3 639 286 13 338
3 3 339 639 338 66
3 3 67 335 644 346
3 3 335 118 339 644
3 3 644 339 66 345
3 3 346 644 345 6
3 3 6 345 697 426
3 3 345 66 419 697
3 3 697 419 127 425
3 3 426 697 425 82
3 3 66 338 692 419
3 3 338 13 361 692
3 3 692 361 73 418
3 3 419 692 418 127
3 3 127 418 699 429
3 3 418 73 376 699
3 3 699 376 28 428
3 3 429 699 428 81
3 3 82 425 704 436
3 3 425 127 429 704
3 3 704 429 81 435
3 3 436 704 435 22
3 3 13 285 653 361
3 3 285 55 352 653
3 3 653 352 121 360
3 3 361 653 360 73
3 3 55 274 647 352
3 3 274 1 350 647
3 3 647 350 71 349
3 3 352 647 349 121
3 3 121 349 656 367
3 3 349 71 365 656
3 3 656 365 20 364
3 3 367 656 364 70
3 3 73 360 662 376
3 3 360 121 367 662
3 3 662 367 70 375
3 3 376 662 375 28
3 3 28 375 713 451
3 3 375 70 442 713
3 3 713 442 130 450
3 3 451 713 450 88
3 3 70 364 707 442
3 3 364 20 440 707
3 3 707 440 86 439
3 3 442 707 439 130
3 3 130 439 716 457
3 3 439 86 455 716
3 3 716 455 2 454
3 3 457 716 454 85
3 3 88 450 722 466
3 3 450 130 457 722
3 3 722 457 85 465
3 3 466 722 465 19
3 3 22 435 757 516
3 3 435 81 509 757
3 3 757 509 136 515
3 3 516 757 515 97
3 3 81 428 752 509
3 3 428 28 451 752
3 3 752 451 88 508
3 3 509 752 508 136
3 3 136 508 759 519
3 3 508 88 466 759
3 3 759 466 19 518
3 3 519 759 518 96
3 3 97 515 764 526
3 3 515 136 519 764
3 3 764 519 96 525
3 3 526 764 525 7
3 3 100 156 534 150
3 3 156 34 160 534
3 3 534 160 9 158
3 3 150 534 158 36
3 3 37 152 533 155
3 3 152 100 150 533
3 3 533 150 36 154
3 3 155 533 154 3
3 3 3 154 568 227
3 3 154 36 224 568
3 3 568 224 107 226
3 3 227 568 226 49
3 3 36 158 569 224
3 3 158 9 229 569
3 3 569 229 46 228
3 3 224 569 228 107
3 3 107 228 577 235
3 3 228 46 210 577
3 3 577 210 24 239
3 3 235 577 239 48
3 3 49 226 576 238
3 3 226 107 235 576
3 3 576 235 48 237
3 3 238 576 237 15
3 3 108 252 583 249
3 3 252 52 256 583
3 3 583 256 16 254
3 3 249 583 254 50
3 3 46 250 582 210
3 3 250 108 249 582
3 3 582 249 50 251
3 3 210 582 251 24
3 3 24 251 635 290
3 3 251 50 332 635
3 3 635 332 117 333
3 3 290 635 333 61
3 3 50 254 636 332
3 3 254 16 336 636
3 3 636 336 67 334
3 3 332 636 334 117
3 3 117 334 643 342
3 3 334 67 346 643
3 3 643 346 6 344
3 3 342 643 344 65
3 3 61 333 642 300
3 3 333 117 342 642
3 3 642 342 65 343
3 3 300 642 343 12
3 3 15 237 622 315
3 3 237 48 312 622
3 3 622 312 116 314
3 3 315 622 314 64
3 3 48 239 623 312
3 3 239 24 290 623
3 3 623 290 61 316
3 3 312 623 316 116
3 3 116 316 630 322
3 3 316 61 300 630
3 3 630 300 12 326
3 3 322 630 326 63
3 3 64 314 629 325
3 3 314 116 322 629
3 3 629 322 63 324
3 3 325 629 324 4
3 3 4 324 682 405
3 3 324 63 402 682
3 3 682 402 125 404
3 3 405 682 404 79
3 3 63 326 683 402
3 3 326 12 380 683
3 3 683 380 76 406
3 3 402 683 406 125
3 3 125 406 690 412
3 3 406 76 390 690
3 3 690 390 27 416
3 3 412 690 416 78
3 3 79 404 689 415
3 3 404 125 412 689
3 3 689 412 78 414
3 3 415 689 414 21
3 3 12 343 695 380
3 3 343 65 422 695
3 3 695 422 126 423
3 3 380 695 423 76
3 3 65 344 696 422
3 3 344 6 426 696
3 3 696 426 82 424
3 3 422 696 424 126
3 3 126 424 703 432
3 3 424 82 436 703
3 3 703 436 22 434
3 3 432 703 434 80
3 3 76 423 702 390
3 3 423 126 432 702
3 3 702 432 80 433
3 3 390 702 433 27
3 3 27 433 755 470
3 3 433 80 512 755
3 3 755 512 135 513
3 3 470 755 513 91
3 3 80 434 756 512
3 3 434 22 516 756
3 3 756 516 97 514
3 3 512 756 514 135
3 3 135 514 763 522
3 3 514 97 526 763
3 3 763 526 7 524
3 3 522 763 524 95
3 3 91 513 762 480
3 3 513 135 522 762
3 3 762 522 95 523
3 3 480 762 523 18
3 3 21 414 742 495
3 3 414 78 492 742
3 3 742 492 134 494
3 3 495 742 494 94
3 3 78 416 743 492
3 3 416 27 470 743
3 3 743 470 91 496
3 3 492 743 496 134
3 3 134 496 750 502
3 3 496 91 480 750
3 3 750 480 18 506
3 3 502 750 506 93
3 3 94 494 749 505
3 3 494 134 502 749
3 3 749 502 93 504
3 3 505 749 504 5
5 2 0 163 161
5 2 30 171 170
5 2 29 171 175
5 2 31 181 170
5 2 33 142 200
5 2 32 139 137
5 2 100 147 146
5 2 99 147 151
5 2 98 157 146
5 2 46 206 204
5 2 102 213 201
5 2 104 213 216
5 2 43 241 216
5 2 108 246 245
5 2 104 246 204
5 2 109 253 245
5 2 2 452 454
5 2 84 458 459
5 2 83 461 459
5 2 85 458 465
5 2 18 477 479
5 2 84 483 484
5 2 89 485 484
5 2 90 483 486
5 2 17 497 486
5 2 93 500 501
5 2 92 503 501
5 2 90 500 479
5 2 19 485 518
5 2 95 520 521
5 2 89 477 521
5 2 96 520 525
5 2 162 161 163
5 2 161 162 29
5 2 163 31 162
5 2 162 170 171
5 2 170 162 31
5 2 171 29 162
5 2 176 175 171
5 2 175 176 8
5 2 171 30 176
5 2 180 170 181
5 2 170 180 30
5 2 181 10 180
5 2 176 200 142
5 2 200 176 30
5 2 142 8 176
5 2 138 137 139
5 2 137 138 99
5 2 139 98 138
5 2 138 146 147
5 2 146 138 98
5 2 147 99 138
5 2 152 151 147
5 2 151 152 37
5 2 147 100 152
5 2 156 146 157
5 2 146 156 100
5 2 157 34 156
5 2 205 204 206
5 2 204 205 104
5 2 206 105 205
5 2 205 201 213
5 2 201 205 105
5 2 213 104 205
5 2 182 216 213
5 2 216 182 43
5 2 213 102 182
5 2 240 216 241
5 2 216 240 104
5 2 241 109 240
5 2 240 245 246
5 2 245 240 109
5 2 246 104 240
5 2 250 204 246
5 2 204 250 46
5 2 246 108 250
5 2 252 245 253
5 2 245 252 108
5 2 253 52 252
5 2 453 454 452
5 2 452 83 453
5 2 454 453 85
5 2 453 459 458
5 2 458 85 453
5 2 459 453 83
5 2 462 459 461
5 2 461 17 462
5 2 459 462 84
5 2 464 465 458
5 2 458 84 464
5 2 465 464 19
5 2 478 479 477
5 2 477 89 478
5 2 479 478 90
5 2 478 484 483
5 2 483 90 478
5 2 484 478 89
5 2 464 484 485
5 2 485 19 464
5 2 484 464 84
5 2 462 486 483
5 2 483 84 462
5 2 486 462 17
5 2 498 486 497
5 2 497 92 498
5 2 486 498 90
5 2 498 501 500
5 2 500 90 498
5 2 501 498 92
5 2 504 501 503
5 2 503 5 504
5 2 501 504 93
5 2 506 479 500
5 2 500 93 506
5 2 479 506 18
5 2 517 518 485
5 2 485 89 517
5 2 518 517 96
5 2 517 521 520
5 2 520 96 517
5 2 521 517 89
5 2 523 521 477
5 2 477 18 523
5 2 521 523 95
5 2 524 525 520
5 2 520 95 524
5 2 525 524 7
5 3 157 98 145 535
5 3 139 32 143 529
5 3 30 180 543 174
5 3 159 33 203 570
5 3 200 30 174 554
5 3 34 157 535 160
5 3 160 535 159 9
5 3 535 145 33 159
5 3 98 139 529 145
5 3 145 529 142 33
5 3 529 143 8 142
5 3 180 10 184 543
5 3 543 184 43 182
5 3 174 543 182 102
5 3 9 159 570 229
5 3 229 570 206 46
5 3 570 203 105 206
5 3 33 200 554 203
5 3 203 554 201 105
5 3 554 174 102 201

vertices
765

nodes
FiniteElementSpace
FiniteElementCollection: H1_3D_P1
VDim: 3
Ordering: 1

3.9884562 -0.00049618934 -0.075933131
4.9067595 -0.0080608066 -0.24570985
5.8476383 -0.0053464967 -0.6326134
3.9884562 1.0004962 -0.075933131
4.9067595 1.0080608 -0.24570985
5.8476383 1.0053465 -0.6326134
5.1860683 0.5 0.73999838
6.3042783 0.5 0.35791714
3.9886321 0.5 -0.076223151
4.0056807 0.74987161 0.42400557
4.0056807 0.25012839 0.42400557
4.9057812 0.5 -0.25135036
5.0470161 0.74781387 0.25246633
5.0470161 0.25218613 0.25246633
4.4449547 -0.0092032604 -0.12803912
4.4449547 1.0092033 -0.12803912
4.6099514 0.5 0.855701
5.8466498 0.5 -0.63635717
6.0765903 0.74853829 -0.1337952
6.0765903 0.25146171 -0.1337952
5.3742403 -0.0066859054 -0.41701184
5.3742403 1.0066859 -0.41701184
5.7510718 0.5 0.57114309
4.4446034 0.5 -0.13428058
4.5276034 0.7474734 0.37014327
4.5276034 0.2525266 0.37014327
5.3732469 0.5 -0.42169424
5.563291 0.74817297 0.081506833
5.563291 0.25182703 0.081506833
3.9886506 0.24976806 -0.076137191
3.9972062 0.37497032 0.17397472
3.9971658 0.12489671 0.17412484
3.7391848 0.5 -0.067770716
3.9972062 0.62502968 0.17397472
3.7554039 0.74994183 0.43232886
3.9886506 0.75023194 -0.076137191
3.9971658 0.87510329 0.17412484
3.739133 1.0002534 -0.067579564
4.4447393 0.24532652 -0.13260535
4.4866427 0.37433085 0.1194868
4.4872851 0.12301359 0.12279487
4.2155084 -0.008350606 -0.093417831
4.216259 0.5 -0.098587436
4.2667964 0.25264647 0.40607401
4.5268666 0.5 0.3683313
4.4866427 0.62566915 0.1194868
4.2667964 0.74735353 0.40607401
4.4447393 0.75467348 -0.13260535
4.4872851 0.87698641 0.12279487
4.2155084 1.0083506 -0.093417831
4.5678138 0.62178443 0.61423261
4.5678138 0.37821557 0.61423261
4.3190531 0.5 0.89190433
4.9060612 0.24587935 -0.24981653
4.977005 0.3744398 0.0018357255
4.9779761 0.12331195 0.0048965256
4.6752053 -0.0087492484 -0.17949214
4.6743621 0.5 -0.1855774
4.7877207 0.25235534 0.31852612
5.0462165 0.5 0.25084387
4.977005 0.6255602 0.0018357255
4.7877207 0.74764466 0.31852612
4.9060612 0.75412065 -0.24981653
4.9779761 0.87668805 0.0048965255
4.6752053 1.0087492 -0.17949214
5.1157341 0.6222237 0.49739087
5.1157341 0.3777763 0.49739087
4.8992668 0.5 0.80500478
5.3735421 0.24659261 -0.420421
5.4688796 0.37454379 -0.16903387
5.4698528 0.1236104 -0.16649488
5.1397611 -0.0073650199 -0.32527094
5.138764 0.5 -0.33042932
5.30553 0.25200854 0.17308585
5.562486 0.5 0.080167377
5.4688796 0.62545621 -0.16903387
5.30553 0.74799146 0.17308585
5.3735421 0.75340739 -0.420421
5.4698528 0.8763896 -0.16649488
5.1397611 1.007365 -0.32527094
5.6563676 0.62268304 0.32730525
5.6563676 0.37731696 0.32730525
5.4700354 0.5 0.66167561
5.846944 0.24727577 -0.63533934
5.9622296 0.37463541 -0.3842282
5.9631996 0.12388909 -0.38219904
5.6101998 -0.0060150773 -0.51982671
5.60921 0.5 -0.52403882
5.8203102 0.25164445 -0.021156708
6.0757859 0.5 -0.13486522
5.9622296 0.62536459 -0.3842282
5.8203102 0.74835555 -0.021156708
5.846944 0.75272423 -0.63533934
5.9631996 0.87611091 -0.38219904
5.6101998 1.0060151 -0.51982671
6.1896194 0.6231464 0.1128461
6.1896194 0.3768536 0.1128461
6.0291538 0.5 0.46951893
3.747315 0.62501768 0.18230818
3.7391803 0.7501329 -0.067718374
3.7473114 0.87504723 0.18242045
4.2164955 0.24614146 -0.097263044
4.2421201 0.37445363 0.15555589
4.2421923 0.12319806 0.15820035
4.2658918 0.5 0.40463421
4.2421201 0.62554637 0.15555589
4.2164955 0.75385854 -0.097263044
4.2421923 0.87680194 0.15820035
4.2911808 0.62147656 0.65059974
4.2911808 0.37852344 0.65059974
4.6745926 0.24551597 -0.18392702
4.7316243 0.37437418 0.067876089
4.7325281 0.12314362 0.071164203
4.7869431 0.5 0.31676732
4.7316243 0.62562582 0.067876089
4.6745926 0.75448403 -0.18392702
4.7325281 0.87685638 0.071164203
4.842674 0.62200177 0.56299549
4.842674 0.37799823 0.56299549
5.1390575 0.24624333 -0.32902636
5.2227581 0.37449533 -0.077505059
5.2237351 0.12346662 -0.074706266
5.3047252 0.5 0.17160747
5.2227581 0.62550467 -0.077505059
5.1390575 0.75375667 -0.32902636
5.2237351 0.87653338 -0.074706266
5.3869712 0.62245209 0.4184546
5.3869712 0.37754791 0.4184546
5.6095046 0.24693507 -0.5228936
5.71537 0.37458984 -0.27164387
5.7163408 0.12375019 -0.26936063
5.8195055 0.5 -0.022360802
5.71537 0.62541016 -0.27164387
5.6095046 0.75306493 -0.5228936
5.7163408 0.87624981 -0.26936063
5.9239173 0.62291467 0.22506427
5.9239173 0.37708533 0.22506427
3.739185 0.62506974 -0.067757251
3.7432582 0.68756391 0.057306812
3.7432602 0.56252214 0.057278761
3.9886391 0.62511264 -0.076200982
3.9929758 0.68761194 0.048934147
3.9929745 0.56253599 0.048894968
3.8639226 0.5 -0.07189904
3.8639283 0.75017035 -0.071838366
3.8722643 0.62502333 0.17817306
3.7473151 0.7500323 0.18235173
3.7432466 0.81260122 0.057361044
3.9972073 0.7500647 0.17402846
3.9929607 0.81269848 0.049008758
3.8722454 0.87505473 0.17830177
3.7391601 0.87519018 -0.067657011
3.7432241 0.93764185 0.057438675
3.9886334 0.87536191 -0.076044701
3.9928574 0.93779104 0.049121514
3.8638148 1.0002923 -0.071682184
3.7513679 0.81248064 0.30738124
3.7513564 0.68749016 0.30732681
4.0014366 0.81246209 0.29908666
4.001418 0.68747517 0.29900894
3.8805348 0.7499396 0.42820743
3.9886334 0.12463809 -0.076044701
3.9929607 0.18730152 0.049008758
3.9928574 0.062208955 0.049121514
4.2163319 0.1188661 -0.095543558
4.2295615 0.18414491 0.030909434
4.2290191 0.057553704 0.032797381
4.1009452 -0.0066637572 -0.083277737
4.1025838 0.24754111 -0.085934056
4.1195694 0.12365281 0.16916905
3.9972073 0.2499353 0.17402846
3.9929758 0.31238806 0.048934147
4.2421987 0.24884096 0.15651208
4.2296648 0.31061084 0.029589113
4.1198327 0.37464906 0.16729945
3.9886391 0.37488736 -0.076200982
3.9929745 0.43746401 0.048894968
4.2163357 0.37314096 -0.098263914
4.2296306 0.43689034 0.028961294
4.1022723 0.5 -0.086737084
4.001418 0.31252483 0.29900894
4.0014366 0.18753791 0.29908666
4.2542811 0.31295684 0.28113337
4.254671 0.18826272 0.28259165
4.1363437 0.25238101 0.41743515
4.444853 0.11802161 -0.13057561
4.4661839 0.18364443 -0.0045091581
4.4664106 0.057084357 -0.0021488477
4.3301896 -0.0090955865 -0.10847115
4.3304373 0.24549566 -0.11285629
4.3647136 0.12302692 0.14262696
4.4868703 0.24865711 0.12072284
4.4660362 0.31020228 -0.0061455683
4.3643236 0.37435861 0.13952568
4.4446424 0.37266332 -0.13385904
4.4659548 0.43673842 -0.0069728781
4.3303137 0.5 -0.11444277
4.5070708 0.31289978 0.24515046
4.5076164 0.18820662 0.24689276
4.3972532 0.25262407 0.39017159
3.9972036 0.5 0.17395671
4.2420777 0.5 0.15525865
4.2296306 0.56310966 0.028961294
4.1198327 0.62535094 0.16729945
4.2661708 0.62364923 0.40493361
4.2540373 0.56235098 0.28051013
4.2542811 0.68704316 0.28113337
4.5270479 0.62375124 0.36877335
4.5068131 0.56236905 0.24430312
4.5070708 0.68710022 0.24515046
4.3972532 0.74737593 0.39017159
4.3965 0.5 0.38844026
4.3643236 0.62564139 0.13952568
4.2540373 0.43764902 0.28051013
4.4865674 0.5 0.1190763
4.5068131 0.43763095 0.24430312
4.2661708 0.37635077 0.40493361
4.5270479 0.37624876 0.36877335
4.4659548 0.56326158 -0.0069728781
4.2163357 0.62685904 -0.098263914
4.2296648 0.68938916 0.029589113
4.1025838 0.75245889 -0.085934056
4.2421987 0.75115904 0.15651208
4.2295615 0.81585509 0.030909434
4.1195694 0.87634719 0.16916905
4.2163319 0.8811339 -0.095543558
4.2290191 0.9424463 0.032797381
4.1009452 1.0066638 -0.083277737
4.254671 0.81173728 0.28259165
4.1363437 0.74761899 0.41743515
4.4446424 0.62733668 -0.13385904
4.4660362 0.68979772 -0.0061455684
4.3304373 0.75450434 -0.11285629
4.4868703 0.75134289 0.12072284
4.4661839 0.81635557 -0.0045091581
4.3647136 0.87697308 0.14262696
4.444853 0.88197839 -0.13057561
4.4664106 0.94291564 -0.0021488477
4.3301896 1.0090956 -0.10847115
4.5076164 0.81179338 0.24689276
4.2781864 0.43878162 0.52798654
4.278847 0.31614673 0.52873869
4.5471217 0.43862127 0.49162358
4.5475608 0.31587309 0.49256468
4.4297092 0.3783388 0.6342371
4.2908393 0.5 0.65022327
4.2781864 0.56121838 0.52798654
4.5675793 0.5 0.61376138
4.5471217 0.56137873 0.49162358
4.4297092 0.6216612 0.6342371
4.278847 0.68385327 0.52873869
4.5475608 0.68412691 0.49256468
4.3045447 0.56034972 0.77153407
4.3045447 0.43965028 0.77153407
4.5885925 0.56041982 0.73523746
4.5885925 0.43958018 0.73523746
4.4645962 0.5 0.87550207
4.6748677 0.11835234 -0.18195084
4.7037637 0.18385179 -0.056022602
4.7042248 0.057379191 -0.05370659
4.5599358 -0.0090393334 -0.15181069
4.5594576 0.24537329 -0.15635943
4.6098884 0.12306518 0.098901254
4.7319553 0.24875162 0.069117577
4.7034565 0.31031204 -0.057647016
4.60908 0.37434407 0.095556216
4.6744204 0.3727421 -0.18516052
4.7033033 0.43677055 -0.05847583
4.5592723 0.5 -0.15804346
4.7596618 0.31288695 0.19351858
4.7602835 0.18817301 0.19522849
4.657766 0.25243826 0.34620945
4.906384 0.11888602 -0.24798539
4.9422319 0.18416099 -0.1221327
4.9427361 0.057796306 -0.11998364
4.7908061 -0.0084115988 -0.21085426
4.7901315 0.24569348 -0.21513287
4.8552187 0.12322865 0.039773022
4.9773714 0.24887607 0.0029953301
4.941875 0.31050169 -0.12364564
4.8542673 0.37440784 0.036588527
4.9058527 0.37292537 -0.25096245
4.9416914 0.43683433 -0.12441984
4.7898699 0.5 -0.21672924
5.0120188 0.31287754 0.12744735
5.0126598 0.18814148 0.12903167
4.9174687 0.2522719 0.28723168
4.7871346 0.62383293 0.31720253
4.7593612 0.56237331 0.1926709
4.7596618 0.68711305 0.19351858
4.657766 0.74756174 0.34620945
4.6570093 0.5 0.34440386
4.60908 0.62565593 0.095556216
4.7315159 0.5 0.067460127
4.7593612 0.43762669 0.1926709
4.7871346 0.37616707 0.31720253
4.7033033 0.56322945 -0.05847583
5.0464158 0.62391218 0.25124682
5.0116995 0.56237486 0.12665728
5.0120188 0.68712246 0.12744735
4.9174687 0.7477281 0.28723168
4.9166771 0.5 0.28553777
4.8542673 0.62559216 0.036588527
4.9768824 0.5 0.0014460612
5.0116995 0.43762514 0.12665728
5.0464158 0.37608781 0.25124682
4.9416914 0.56316567 -0.12441984
4.6744204 0.6272579 -0.18516052
4.7034565 0.68968796 -0.057647016
4.5594576 0.75462671 -0.15635943
4.7319553 0.75124838 0.069117577
4.7037637 0.81614821 -0.056022602
4.6098884 0.87693482 0.098901254
4.6748677 0.88164766 -0.18195084
4.7042248 0.94262081 -0.05370659
4.5599358 1.0090393 -0.15181069
4.7602835 0.81182699 0.19522849
4.9058527 0.62707463 -0.25096245
4.941875 0.68949831 -0.12364564
4.7901315 0.75430652 -0.21513287
4.9773714 0.75112393 0.0029953301
4.9422319 0.81583901 -0.1221327
4.8552187 0.87677135 0.039773022
4.906384 0.88111398 -0.24798539
4.9427361 0.94220369 -0.11998364
4.7908061 1.0084116 -0.21085426
5.0126598 0.81185852 0.12903167
4.8146358 0.43854244 0.44020186
4.815099 0.31563574 0.44109769
4.7054686 0.37810591 0.59046478
4.8424102 0.5 0.56255289
4.8146358 0.56145756 0.44020186
4.7054686 0.62189409 0.59046478
4.815099 0.68436426 0.44109769
4.8706693 0.56054437 0.68427243
4.8706693 0.43945563 0.68427243
4.7548856 0.5 0.83219022
5.0808122 0.43846646 0.37441934
5.0812915 0.3154024 0.37523983
4.9794302 0.37788835 0.53192827
5.1154547 0.5 0.49698676
5.0808122 0.56153354 0.37441934
4.9794302 0.62211165 0.53192827
5.0812915 0.6845976 0.37523983
5.1505841 0.56068655 0.61895489
5.1505841 0.43931345 0.61895489
5.0430101 0.5 0.7742334
5.1393881 0.11941996 -0.3273518
5.1816111 0.18445876 -0.20156716
5.1821148 0.058207567 -0.19960175
5.0230764 -0.0077106549 -0.28389783
5.0223718 0.24606348 -0.28782866
5.1008125 0.12339117 -0.033311585
5.2231308 0.24898383 -0.076444008
5.1812455 0.31068298 -0.20295155
5.0998354 0.37446883 -0.036241893
5.1388395 0.37311006 -0.33007446
5.1810546 0.43689529 -0.20366028
5.0220825 0.5 -0.28929722
5.2641574 0.31285452 0.048063258
5.2647989 0.18809665 0.049509219
5.1763684 0.25209811 0.21437084
5.3738719 0.1199364 -0.41890093
5.421912 0.18474177 -0.29318599
5.4224116 0.058604719 -0.29140212
5.2568157 -0.0070238451 -0.36968836
5.2561148 0.24641932 -0.37326993
5.3467479 0.12353936 -0.11914692
5.4692519 0.24908031 -0.16807136
5.4215471 0.31085311 -0.29444232
5.3457728 0.37452008 -0.12181516
5.3733231 0.37328641 -0.42137222
5.4213557 0.43695213 -0.29508543
5.2558198 0.5 -0.37460775
5.5160992 0.31282447 -0.043515181
5.5167388 0.18804472 -0.042204275
5.4345036 0.25191803 0.12875137
5.3049266 0.62399879 0.17197493
5.2638343 0.56238182 0.047341231
5.2641574 0.68714548 0.048063258
5.1763684 0.74790189 0.21437084
5.1755651 0.5 0.21282092
5.0998354 0.62553117 -0.036241893
5.2226322 0.5 -0.077861834
5.2638343 0.43761818 0.047341231
5.3049266 0.37600121 0.17197493
5.1810546 0.56310471 -0.20366028
5.5626876 0.62408883 0.080500296
5.5157762 0.56239166 -0.044169754
5.5160992 0.68717553 -0.043515181
5.4345036 0.74808197 0.12875137
5.4336985 0.5 0.12734308
5.3457728 0.62547992 -0.12181516
5.4687535 0.5 -0.1693575
5.5157762 0.43760834 -0.044169754
5.5626876 0.37591117 0.080500296
5.4213557 0.56304787 -0.29508543
5.1388395 0.62688994 -0.33007446
5.1812455 0.68931702 -0.20295155
5.0223718 0.75393652 -0.28782866
5.2231308 0.75101617 -0.076444008
5.1816111 0.81554124 -0.20156716
5.1008125 0.87660883 -0.033311585
5.1393881 0.88058004 -0.3273518
5.1821148 0.94179243 -0.19960175
5.0230764 1.0077107 -0.28389783
5.2647989 0.81190335 0.049509219
5.3733231 0.62671359 -0.42137222
5.4215471 0.68914689 -0.29444232
5.2561148 0.75358068 -0.37326993
5.4692519 0.75091969 -0.16807136
5.421912 0.81525823 -0.29318599
5.3467479 0.87646064 -0.11914692
5.3738719 0.8800636 -0.41890093
5.4224116 0.94139528 -0.29140212
5.2568157 1.0070238 -0.36968836
5.5167388 0.81195528 -0.042204275
5.3456859 0.43838752 0.29531088
5.3461711 0.31516351 0.29605731
5.251582 0.37766262 0.45951969
5.3866862 0.5 0.41808689
5.3456859 0.56161248 0.29531088
5.251582 0.62233738 0.45951969
5.3461711 0.68483649 0.29605731
5.4281793 0.56083535 0.54030673
5.4281793 0.43916465 0.54030673
5.3284149 0.5 0.70243308
5.6092641 0.43830724 0.20399169
5.6097507 0.31492208 0.20466781
5.5219001 0.37743259 0.3743363
5.6560811 0.5 0.32697206
5.6092641 0.56169276 0.20399169
5.5219001 0.62256741 0.3743363
5.6097507 0.68507792 0.20466781
5.7033936 0.56098624 0.44944469
5.7033936 0.43901376 0.44944469
5.6109223 0.5 0.61786563
5.6098333 0.12044479 -0.52152619
5.663137 0.18501888 -0.39588228
5.6636347 0.058995745 -0.39427766
5.4920351 -0.0063499558 -0.46710382
5.4913388 0.24676426 -0.47034156
5.5930504 0.12368052 -0.2166121
5.7157414 0.24917295 -0.27077841
5.6627732 0.31101877 -0.39701221
5.5920787 0.37456695 -0.21902288
5.609286 0.37345879 -0.5237492
5.6625822 0.43700729 -0.39759055
5.4910438 0.5 -0.47155066
5.7678537 0.3127923 -0.14617677
5.7684924 0.18799059 -0.14499809
5.691893 0.25173579 0.031491227
5.8472722 0.1209511 -0.63412396
5.9052861 0.18529463 -0.50855152
5.9057832 0.059385235 -0.50712535
5.7287343 -0.0056806956 -0.57504261
5.7280397 0.24710549 -0.57793896
5.8397239 0.12381967 -0.32460236
5.9626007 0.24926484 -0.38345909
5.9049227 0.3111834 -0.50955574
5.8387536 0.37461263 -0.32675846
5.8467258 0.37363014 -0.63609977
5.904732 0.43706206 -0.51006971
5.7277453 0.5 -0.57902045
6.0194234 0.31275979 -0.25881303
6.0200617 0.18793607 -0.25776553
5.9485426 0.25155308 -0.076298367
5.8197071 0.62417983 -0.022061563
5.7675312 0.56240237 -0.14676521
5.7678537 0.68720769 -0.14617677
5.691893 0.74826421 0.031491227
5.6910882 0.5 0.030219724
5.5920787 0.62543305 -0.21902288
5.7152441 0.5 -0.27193485
5.7675312 0.43759763 -0.14676521
5.8197071 0.37582017 -0.022061563
5.6625822 0.56299271 -0.39759055
6.0759874 0.62427098 -0.13459931
6.0191011 0.56241323 -0.25933593
6.0194234 0.68724021 -0.25881303
5.9485426 0.74844692 -0.076298367
5.9477381 0.5 -0.07743535
5.8387536 0.62538736 -0.32675846
5.9621039 0.5 -0.38448678
6.0191011 0.43758677 -0.25933593
6.0759874 0.37572902 -0.13459931
5.904732 0.56293794 -0.51006971
5.609286 0.62654121 -0.5237492
5.6627732 0.68898123 -0.39701221
5.4913388 0.75323574 -0.47034156
5.7157414 0.75082705 -0.27077841
5.663137 0.81498112 -0.39588228
5.5930504 0.87631948 -0.2166121
5.6098333 0.87955521 -0.52152619
5.6636347 0.94100425 -0.39427766
5.4920351 1.00635 -0.46710382
5.7684924 0.81200941 -0.14499809
5.8467258 0.62636986 -0.63609977
5.9049227 0.6888166 -0.50955574
5.7280397 0.75289451 -0.57793896
5.9626007 0.75073516 -0.38345909
5.9052861 0.81470537 -0.50855152
5.8397239 0.87618033 -0.32460236
5.8472722 0.8790489 -0.63412396
5.9057832 0.94061476 -0.50712535
5.7287343 1.0056807 -0.57504261
6.0200617 0.81206393 -0.25776553
5.8715484 0.43822657 0.10158178
5.8720351 0.31467995 0.10218957
5.7903734 0.37720117 0.27750142
5.9236306 0.5 0.22476473
5.8715484 0.56177343 0.10158178
5.7903734 0.62279883 0.27750142
5.8720351 0.68532005 0.10218957
5.9762091 0.56113762 0.34749023
5.9762091 0.43886238 0.34749023
5.8904825 0.5 0.52164773
6.1325395 0.43814584 -0.010805055
6.1330262 0.31443772 -0.010264935
6.0569993 0.37696946 0.17013289
6.1893328 0.5 0.11257989
6.1325395 0.56185416 -0.010805055
6.0569993 0.62303054 0.17013289
6.1330262 0.68556228 -0.010264935
6.2466224 0.56128903 0.23555818
6.2466224 0.43871097 0.23555818
6.1670857 0.5 0.41489578
3.863926 0.62508896 -0.07188318
3.8681203 0.68758323 0.053173169
3.8681203 0.56252854 0.053141236
3.872264 0.7500418 0.17822338
3.8681044 0.81262896 0.053233911
3.8638998 0.8752347 -0.071771376
3.8680479 0.93766611 0.053322105
3.876402 0.81247881 0.30326469
3.8763876 0.68748954 0.30319895
4.1027659 0.12092168 -0.084820396
4.1117582 0.18530795 0.042301625
4.1107798 0.05874364 0.043771803
4.1198871 0.24923438 0.16787397
4.1118001 0.31130816 0.041499162
4.1023627 0.37382893 -0.086543465
4.111773 0.43711859 0.041140101
4.1277623 0.31282375 0.29262411
4.1280668 0.1882278 0.29361902
4.3304108 0.11817801 -0.110913
4.3477331 0.18372346 0.01530856
4.3476722 0.057134206 0.017552167
4.3644742 0.24868477 0.14067324
4.3477205 0.31028792 0.013773541
4.3303621 0.37278173 -0.11404761
4.3476757 0.43677503 0.013002039
4.3807018 0.31292532 0.26519259
4.3811821 0.18823975 0.26685597
4.1198037 0.5 0.16712789
4.111773 0.56288141 0.041140101
4.3966948 0.62369383 0.38885377
4.3804587 0.56235281 0.26440864
4.3807018 0.68707468 0.26519259
4.3642646 0.5 0.13914939
4.3804587 0.43764719 0.26440864
4.3966948 0.37630617 0.38885377
4.3476757 0.56322497 0.013002039
4.1023627 0.62617107 -0.086543465
4.1118001 0.68869184 0.041499162
4.1198871 0.75076562 0.16787397
4.1117582 0.81469205 0.042301625
4.1027659 0.87907832 -0.084820396
4.1107798 0.94125636 0.043771803
4.1280668 0.8117722 0.29361902
4.1277623 0.68717625 0.29262411
4.3303621 0.62721827 -0.11404761
4.3477205 0.68971208 0.013773541
4.3644742 0.75131523 0.14067324
4.3477331 0.81627654 0.01530856
4.3304108 0.88182199 -0.110913
4.3476722 0.94286579 0.017552167
4.3811821 0.81176025 0.26685597
4.412834 0.43867035 0.51170799
4.4132885 0.31602457 0.51261202
4.4294737 0.5 0.63379193
4.412834 0.56132965 0.51170799
4.4132885 0.68397543 0.51261202
4.4468129 0.56034698 0.7551612
4.4468129 0.43965302 0.7551612
4.5596722 0.11813159 -0.15433461
4.5848637 0.1837173 -0.028352203
4.5852483 0.057196884 -0.025984223
4.6093697 0.24869251 0.096814312
4.5846177 0.31023321 -0.03000499
4.5593201 0.37267446 -0.15761886
4.5844956 0.43674505 -0.03084546
4.6333945 0.3128892 0.2212102
4.6339875 0.18818663 0.2229577
4.790439 0.11861437 -0.21322542
4.8228852 0.18400555 -0.087337485
4.8233788 0.057585596 -0.085099722
4.854622 0.2488154 0.037793605
4.8225445 0.31040615 -0.088910998
4.7899363 0.37283108 -0.21632566
4.8223717 0.43680209 -0.089715426
4.8858693 0.31288404 0.16221736
4.886505 0.18815898 0.16386873
4.6571943 0.62379486 0.3448489
4.6331133 0.56237299 0.22034972
4.6333945 0.6871108 0.2212102
4.6089861 0.5 0.095136133
4.6331133 0.43762701 0.22034972
4.6571943 0.37620514 0.3448489
4.5844956 0.56325495 -0.03084546
4.9168734 0.62387151 0.28595794
4.8855565 0.56237339 0.16139556
4.8858693 0.68711596 0.16221736
4.8541497 0.5 0.036184
4.8855565 0.43762661 0.16139556
4.9168734 0.37612849 0.28595794
4.8223717 0.56319791 -0.089715426
4.5593201 0.62732554 -0.15761886
4.5846177 0.68976679 -0.03000499
4.6093697 0.75130749 0.096814312
4.5848637 0.8162827 -0.028352203
4.5596722 0.88186841 -0.15433461
4.5852483 0.94280312 -0.025984223
4.6339875 0.81181337 0.2229577
4.7899363 0.62716892 -0.21632566
4.8225445 0.68959385 -0.088910998
4.854622 0.7511846 0.037793605
4.8228852 0.81599445 -0.087337485
4.790439 0.88138563 -0.21322542
4.8233788 0.9424144 -0.085099722
4.886505 0.81184102 0.16386873
4.6810506 0.43857959 0.46776444
4.6815008 0.31575201 0.46869164
4.7052184 0.5 0.59000464
4.6810506 0.56142041 0.46776444
4.6815008 0.68424799 0.46869164
4.7298859 0.56047789 0.71160168
4.7298859 0.43952211 0.71160168
4.9478879 0.43850487 0.40904466
4.9483607 0.31551988 0.40990335
4.979157 0.5 0.53150507
4.9478879 0.56149513 0.40904466
4.9483607 0.68448012 0.40990335
5.0109097 0.56061412 0.6533484
5.0109097 0.43938588 0.6533484
5.0227008 0.11915554 -0.28607586
5.0618067 0.18431228 -0.16025712
5.0623122 0.058004111 -0.15819982
5.1002067 0.24893198 -0.035131163
5.061443 0.31059416 -0.16170611
5.0221567 0.3730189 -0.28892577
5.0612543 0.43686548 -0.16244785
5.1381137 0.31286738 0.08934928
5.1387558 0.18812041 0.090864271
5.2564452 0.11967979 -0.37167294
5.3016461 0.18460148 -0.24592291
5.3021475 0.058407377 -0.24404866
5.3461455 0.2490329 -0.1208036
5.3012805 0.31076896 -0.24724302
5.2558958 0.37319901 -0.37426939
5.3010891 0.43692406 -0.24791882
5.390152 0.31283997 0.0037287701
5.3907925 0.18807118 0.0051067165
5.1757658 0.62395481 0.21320608
5.1377916 0.56237779 0.088593048
5.1381137 0.68713262 0.08934928
5.0997105 0.5 -0.036615309
5.1377916 0.43762221 0.088593048
5.1757658 0.37604519 0.21320608
5.0612543 0.56313452 -0.16244785
5.4339001 0.62404359 0.12769313
5.3898289 0.56238654 0.0030406735
5.390152 0.68716003 0.0037287701
5.3456467 0.5 -0.12215531
5.3898289 0.43761346 0.0030406735
5.4339001 0.37595641 0.12769313
5.3010891 0.56307594 -0.24791882
5.0221567 0.6269811 -0.28892577
5.061443 0.68940584 -0.16170611
5.1002067 0.75106802 -0.035131163
5.0618067 0.81568772 -0.16025712
5.0227008 0.88084446 -0.28607586
5.0623122 0.94199589 -0.15819982
5.1387558 0.81187959 0.090864271
5.2558958 0.62680099 -0.37426939
5.3012805 0.68923104 -0.24724302
5.3461455 0.7509671 -0.1208036
5.3016461 0.81539852 -0.24592291
5.2564452 0.88032021 -0.37167294
5.3021475 0.94159262 -0.24404866
5.3907925 0.81192882 0.0051067165
5.2134112 0.43842726 0.33646162
5.2138943 0.31528346 0.33724455
5.251299 0.5 0.45913408
5.2134112 0.56157274 0.33646162
5.2138943 0.68471654 0.33724455
5.289677 0.5607605 0.58122781
5.289677 0.4392395 0.58122781
5.4776368 0.43834747 0.25110748
5.478123 0.31504296 0.25181839
5.521614 0.5 0.37398601
5.4776368 0.56165253 0.25110748
5.478123 0.68495704 0.25181839
5.5660858 0.56091068 0.4963322
5.5660858 0.43908932 0.4963322
5.4916679 0.1201911 -0.46889796
5.542409 0.18488067 -0.34321843
5.5429074 0.058800609 -0.34152437
5.5924504 0.24912684 -0.21810903
5.5420447 0.3109362 -0.34441142
5.4911199 0.37337285 -0.47124487
5.5418535 0.43697981 -0.34502207
5.6419996 0.31280849 -0.093529884
5.6426386 0.18801777 -0.09228531
5.728368 0.12069802 -0.5766476
5.7840961 0.1851568 -0.4510394
5.7845934 0.059190547 -0.44952405
5.8391248 0.24921891 -0.32594122
5.7837325 0.31110112 -0.45210643
5.7278213 0.37354451 -0.57874695
5.7835417 0.43703468 -0.45265257
5.8936616 0.31277605 -0.20131732
5.8943001 0.18796333 -0.20020429
5.6912898 0.62413429 0.030535733
5.6416769 0.56239697 -0.094151274
5.6419996 0.68719151 -0.093529884
5.5919527 0.5 -0.21933014
5.6416769 0.43760303 -0.094151274
5.6912898 0.37586571 0.030535733
5.5418535 0.56302019 -0.34502207
5.9479396 0.6242254 -0.0771528
5.8933392 0.5624078 -0.20187295
5.8936616 0.68722395 -0.20131732
5.8386279 0.5 -0.32703322
5.8933392 0.4375922 -0.20187295
5.9479396 0.3757746 -0.0771528
5.7835417 0.56296532 -0.45265257
5.4911199 0.62662715 -0.47124487
5.5420447 0.6890638 -0.34441142
5.5924504 0.75087316 -0.21810903
5.542409 0.81511933 -0.34321843
5.4916679 0.8798089 -0.46889796
5.5429074 0.94119939 -0.34152437
5.6426386 0.81198223 -0.09228531
5.7278213 0.62645549 -0.57874695
5.7837325 0.68889888 -0.45210643
5.8391248 0.75078109 -0.32594122
5.7840961 0.8148432 -0.4510394
5.728368 0.87930198 -0.5766476
5.7845934 0.94080945 -0.44952405
5.8943001 0.81203667 -0.20020429
5.7405679 0.43826692 0.15410333
5.7410546 0.31480105 0.15474515
5.7900867 0.5 0.27718512
5.7405679 0.56173308 0.15410333
5.7410546 0.68519895 0.15474515
5.8401016 0.56106192 0.39978419
5.8401016 0.43893808 0.39978419
6.0022056 0.4381862 0.046566053
6.0026923 0.31455884 0.047139971
6.0567126 0.5 0.16985003
6.0022056 0.5618138 0.046566053
6.0026923 0.68544116 0.047139972
6.111716 0.56121333 0.29270194
6.111716 0.43878667 0.29270194
