MFEM mesh v1.0

#
# MFEM Geometry Types (see fem/geom.hpp):
#
# POINT       = 0
# SEGMENT     = 1
# TRIANGLE    = 2
# SQUARE      = 3
# TETRAHEDRON = 4
# CUBE        = 5
# PRISM       = 6
#

dimension
3

elements
1048
1 6 0 140 142 146 542 544
1 6 141 142 140 543 544 542
1 6 140 29 141 542 147 543
1 6 142 141 31 544 543 148
1 6 146 542 544 41 143 145
1 6 543 544 542 144 145 143
1 6 542 147 543 143 99 144
1 6 544 543 148 145 144 101
1 6 30 149 150 153 545 546
1 6 141 150 149 543 546 545
1 6 149 31 141 545 148 543
1 6 150 141 29 546 543 147
1 6 153 545 546 100 151 152
1 6 543 546 545 144 152 151
1 6 545 148 543 151 101 144
1 6 546 543 147 152 144 99
1 6 29 154 150 147 547 546
1 6 155 150 154 548 546 547
1 6 154 8 155 547 158 548
1 6 150 155 30 546 548 153
1 6 147 547 546 99 156 152
1 6 548 546 547 157 152 156
1 6 547 158 548 156 42 157
1 6 546 548 153 152 157 100
1 6 31 149 160 148 545 550
1 6 159 160 149 549 550 545
1 6 149 30 159 545 153 549
1 6 160 159 10 550 549 163
1 6 148 545 550 101 151 162
1 6 549 550 545 161 162 151
1 6 545 153 549 151 100 161
1 6 550 549 163 162 161 43
1 6 41 143 145 167 551 553
1 6 144 145 143 552 553 551
1 6 143 99 144 551 168 552
1 6 145 144 101 553 552 169
1 6 167 551 553 14 164 166
1 6 552 553 551 165 166 164
1 6 551 168 552 164 38 165
1 6 553 552 169 166 165 40
1 6 100 151 152 172 554 555
1 6 144 152 151 552 555 554
1 6 151 101 144 554 169 552
1 6 152 144 99 555 552 168
1 6 172 554 555 39 170 171
1 6 552 555 554 165 171 170
1 6 554 169 552 170 40 165
1 6 555 552 168 171 165 38
1 6 99 156 152 168 556 555
1 6 157 152 156 557 555 556
1 6 156 42 157 556 175 557
1 6 152 157 100 555 557 172
1 6 168 556 555 38 173 171
1 6 557 555 556 174 171 173
1 6 556 175 557 173 23 174
1 6 555 557 172 171 174 39
1 6 101 151 162 169 554 559
1 6 161 162 151 558 559 554
1 6 151 100 161 554 172 558
1 6 162 161 43 559 558 178
1 6 169 554 559 40 170 177
1 6 558 559 554 176 177 170
1 6 554 172 558 170 39 176
1 6 559 558 178 177 176 25
1 6 9 179 181 185 560 562
1 6 180 181 179 561 562 560
1 6 179 32 180 560 186 561
1 6 181 180 33 562 561 187
1 6 185 560 562 46 182 184
1 6 561 562 560 183 184 182
1 6 560 186 561 182 102 183
1 6 562 561 187 184 183 103
1 6 30 188 189 153 563 564
1 6 180 189 188 561 564 563
1 6 188 33 180 563 187 561
1 6 189 180 32 564 561 186
1 6 153 563 564 100 190 191
1 6 561 564 563 183 191 190
1 6 563 187 561 190 103 183
1 6 564 561 186 191 183 102
1 6 32 192 189 186 565 564
1 6 159 189 192 549 564 565
1 6 192 10 159 565 163 549
1 6 189 159 30 564 549 153
1 6 186 565 564 102 193 191
1 6 549 564 565 161 191 193
1 6 565 163 549 193 43 161
1 6 564 549 153 191 161 100
1 6 33 188 194 187 563 566
1 6 155 194 188 548 566 563
1 6 188 30 155 563 153 548
1 6 194 155 8 566 548 158
1 6 187 563 566 103 190 195
1 6 548 566 563 157 195 190
1 6 563 153 548 190 100 157
1 6 566 548 158 195 157 42
1 6 46 182 184 199 567 569
1 6 183 184 182 568 569 567
1 6 182 102 183 567 200 568
1 6 184 183 103 569 568 201
1 6 199 567 569 24 196 198
1 6 568 569 567 197 198 196
1 6 567 200 568 196 44 197
1 6 569 568 201 198 197 45
1 6 100 190 191 172 570 571
1 6 183 191 190 568 571 570
1 6 190 103 183 570 201 568
1 6 191 183 102 571 568 200
1 6 172 570 571 39 202 203
1 6 568 571 570 197 203 202
1 6 570 201 568 202 45 197
1 6 571 568 200 203 197 44
1 6 102 193 191 200 572 571
1 6 161 191 193 558 571 572
1 6 193 43 161 572 178 558
1 6 191 161 100 571 558 172
1 6 200 572 571 44 204 203
1 6 558 571 572 176 203 204
1 6 572 178 558 204 25 176
1 6 571 558 172 203 176 39
1 6 103 190 195 201 570 573
1 6 157 195 190 557 573 570
1 6 190 100 157 570 172 557
1 6 195 157 42 573 557 175
1 6 201 570 573 45 202 205
1 6 557 573 570 174 205 202
1 6 570 172 557 202 39 174
1 6 573 557 175 205 174 23
1 6 8 206 194 158 574 566
1 6 207 194 206 575 566 574
1 6 206 34 207 574 210 575
1 6 194 207 33 566 575 187
1 6 158 574 566 42 208 195
1 6 575 566 574 209 195 208
1 6 574 210 575 208 104 209
1 6 566 575 187 195 209 103
1 6 35 211 212 215 576 577
1 6 207 212 211 575 577 576
1 6 211 33 207 576 187 575
1 6 212 207 34 577 575 210
1 6 215 576 577 105 213 214
1 6 575 577 576 209 214 213
1 6 576 187 575 213 103 209
1 6 577 575 210 214 209 104
1 6 34 216 212 210 578 577
1 6 217 212 216 579 577 578
1 6 216 3 217 578 220 579
1 6 212 217 35 577 579 215
1 6 210 578 577 104 218 214
1 6 579 577 578 219 214 218
1 6 578 220 579 218 49 219
1 6 577 579 215 214 219 105
1 6 33 211 181 187 576 562
1 6 221 181 211 580 562 576
1 6 211 35 221 576 215 580
1 6 181 221 9 562 580 185
1 6 187 576 562 103 213 184
1 6 580 562 576 222 184 213
1 6 576 215 580 213 105 222
1 6 562 580 185 184 222 46
1 6 42 208 195 175 581 573
1 6 209 195 208 582 573 581
1 6 208 104 209 581 225 582
1 6 195 209 103 573 582 201
1 6 175 581 573 23 223 205
1 6 582 573 581 224 205 223
1 6 581 225 582 223 47 224
1 6 573 582 201 205 224 45
1 6 105 213 214 228 583 584
1 6 209 214 213 582 584 583
1 6 213 103 209 583 201 582
1 6 214 209 104 584 582 225
1 6 228 583 584 48 226 227
1 6 582 584 583 224 227 226
1 6 583 201 582 226 45 224
1 6 584 582 225 227 224 47
1 6 104 218 214 225 585 584
1 6 219 214 218 586 584 585
1 6 218 49 219 585 231 586
1 6 214 219 105 584 586 228
1 6 225 585 584 47 229 227
1 6 586 584 585 230 227 229
1 6 585 231 586 229 15 230
1 6 584 586 228 227 230 48
1 6 103 213 184 201 583 569
1 6 222 184 213 587 569 583
1 6 213 105 222 583 228 587
1 6 184 222 46 569 587 199
1 6 201 583 569 45 226 198
1 6 587 569 583 232 198 226
1 6 583 228 587 226 48 232
1 6 569 587 199 198 232 24
1 6 10 192 234 163 565 589
1 6 233 234 192 588 589 565
1 6 192 32 233 565 186 588
1 6 234 233 37 589 588 237
1 6 163 565 589 43 193 236
1 6 588 589 565 235 236 193
1 6 565 186 588 193 102 235
1 6 589 588 237 236 235 107
1 6 36 238 239 242 590 591
1 6 233 239 238 588 591 590
1 6 238 37 233 590 237 588
1 6 239 233 32 591 588 186
1 6 242 590 591 106 240 241
1 6 588 591 590 235 241 240
1 6 590 237 588 240 107 235
1 6 591 588 186 241 235 102
1 6 32 179 239 186 560 591
1 6 243 239 179 592 591 560
1 6 179 9 243 560 185 592
1 6 239 243 36 591 592 242
1 6 186 560 591 102 182 241
1 6 592 591 560 244 241 182
1 6 560 185 592 182 46 244
1 6 591 592 242 241 244 106
1 6 37 238 246 237 590 594
1 6 245 246 238 593 594 590
1 6 238 36 245 590 242 593
1 6 246 245 5 594 593 249
1 6 237 590 594 107 240 248
1 6 593 594 590 247 248 240
1 6 590 242 593 240 106 247
1 6 594 593 249 248 247 52
1 6 43 193 236 178 572 596
1 6 235 236 193 595 596 572
1 6 193 102 235 572 200 595
1 6 236 235 107 596 595 252
1 6 178 572 596 25 204 251
1 6 595 596 572 250 251 204
1 6 572 200 595 204 44 250
1 6 596 595 252 251 250 51
1 6 106 240 241 255 597 598
1 6 235 241 240 595 598 597
1 6 240 107 235 597 252 595
1 6 241 235 102 598 595 200
1 6 255 597 598 50 253 254
1 6 595 598 597 250 254 253
1 6 597 252 595 253 51 250
1 6 598 595 200 254 250 44
1 6 102 182 241 200 567 598
1 6 244 241 182 599 598 567
1 6 182 46 244 567 199 599
1 6 241 244 106 598 599 255
1 6 200 567 598 44 196 254
1 6 599 598 567 256 254 196
1 6 567 199 599 196 24 256
1 6 598 599 255 254 256 50
1 6 107 240 248 252 597 601
1 6 247 248 240 600 601 597
1 6 240 106 247 597 255 600
1 6 248 247 52 601 600 259
1 6 252 597 601 51 253 258
1 6 600 601 597 257 258 253
1 6 597 255 600 253 50 257
1 6 601 600 259 258 257 16
1 6 14 164 166 263 602 604
1 6 165 166 164 603 604 602
1 6 164 38 165 602 264 603
1 6 166 165 40 604 603 265
1 6 263 602 604 56 260 262
1 6 603 604 602 261 262 260
1 6 602 264 603 260 108 261
1 6 604 603 265 262 261 110
1 6 39 170 171 268 605 606
1 6 165 171 170 603 606 605
1 6 170 40 165 605 265 603
1 6 171 165 38 606 603 264
1 6 268 605 606 109 266 267
1 6 603 606 605 261 267 266
1 6 605 265 603 266 110 261
1 6 606 603 264 267 261 108
1 6 38 173 171 264 607 606
1 6 174 171 173 608 606 607
1 6 173 23 174 607 271 608
1 6 171 174 39 606 608 268
1 6 264 607 606 108 269 267
1 6 608 606 607 270 267 269
1 6 607 271 608 269 57 270
1 6 606 608 268 267 270 109
1 6 40 170 177 265 605 610
1 6 176 177 170 609 610 605
1 6 170 39 176 605 268 609
1 6 177 176 25 610 609 274
1 6 265 605 610 110 266 273
1 6 609 610 605 272 273 266
1 6 605 268 609 266 109 272
1 6 610 609 274 273 272 58
1 6 56 260 262 278 611 613
1 6 261 262 260 612 613 611
1 6 260 108 261 611 279 612
1 6 262 261 110 613 612 280
1 6 278 611 613 1 275 277
1 6 612 613 611 276 277 275
1 6 611 279 612 275 53 276
1 6 613 612 280 277 276 55
1 6 109 266 267 283 614 615
1 6 261 267 266 612 615 614
1 6 266 110 261 614 280 612
1 6 267 261 108 615 612 279
1 6 283 614 615 54 281 282
1 6 612 615 614 276 282 281
1 6 614 280 612 281 55 276
1 6 615 612 279 282 276 53
1 6 108 269 267 279 616 615
1 6 270 267 269 617 615 616
1 6 269 57 270 616 286 617
1 6 267 270 109 615 617 283
1 6 279 616 615 53 284 282
1 6 617 615 616 285 282 284
1 6 616 286 617 284 11 285
1 6 615 617 283 282 285 54
1 6 110 266 273 280 614 619
1 6 272 273 266 618 619 614
1 6 266 109 272 614 283 618
1 6 273 272 58 619 618 289
1 6 280 614 619 55 281 288
1 6 618 619 614 287 288 281
1 6 614 283 618 281 54 287
1 6 619 618 289 288 287 13
1 6 24 196 198 293 620 622
1 6 197 198 196 621 622 620
1 6 196 44 197 620 294 621
1 6 198 197 45 622 621 295
1 6 293 620 622 61 290 292
1 6 621 622 620 291 292 290
1 6 620 294 621 290 111 291
1 6 622 621 295 292 291 112
1 6 39 202 203 268 623 624
1 6 197 203 202 621 624 623
1 6 202 45 197 623 295 621
1 6 203 197 44 624 621 294
1 6 268 623 624 109 296 297
1 6 621 624 623 291 297 296
1 6 623 295 621 296 112 291
1 6 624 621 294 297 291 111
1 6 44 204 203 294 625 624
1 6 176 203 204 609 624 625
1 6 204 25 176 625 274 609
1 6 203 176 39 624 609 268
1 6 294 625 624 111 298 297
1 6 609 624 625 272 297 298
1 6 625 274 609 298 58 272
1 6 624 609 268 297 272 109
1 6 45 202 205 295 623 626
1 6 174 205 202 608 626 623
1 6 202 39 174 623 268 608
1 6 205 174 23 626 608 271
1 6 295 623 626 112 296 299
1 6 608 626 623 270 299 296
1 6 623 268 608 296 109 270
1 6 626 608 271 299 270 57
1 6 61 290 292 303 627 629
1 6 291 292 290 628 629 627
1 6 290 111 291 627 304 628
1 6 292 291 112 629 628 305
1 6 303 627 629 12 300 302
1 6 628 629 627 301 302 300
1 6 627 304 628 300 59 301
1 6 629 628 305 302 301 60
1 6 109 296 297 283 630 631
1 6 291 297 296 628 631 630
1 6 296 112 291 630 305 628
1 6 297 291 111 631 628 304
1 6 283 630 631 54 306 307
1 6 628 631 630 301 307 306
1 6 630 305 628 306 60 301
1 6 631 628 304 307 301 59
1 6 111 298 297 304 632 631
1 6 272 297 298 618 631 632
1 6 298 58 272 632 289 618
1 6 297 272 109 631 618 283
1 6 304 632 631 59 308 307
1 6 618 631 632 287 307 308
1 6 632 289 618 308 13 287
1 6 631 618 283 307 287 54
1 6 112 296 299 305 630 633
1 6 270 299 296 617 633 630
1 6 296 109 270 630 283 617
1 6 299 270 57 633 617 286
1 6 305 630 633 60 306 309
1 6 617 633 630 285 309 306
1 6 630 283 617 306 54 285
1 6 633 617 286 309 285 11
1 6 23 223 205 271 634 626
1 6 224 205 223 635 626 634
1 6 223 47 224 634 312 635
1 6 205 224 45 626 635 295
1 6 271 634 626 57 310 299
1 6 635 626 634 311 299 310
1 6 634 312 635 310 113 311
1 6 626 635 295 299 311 112
1 6 48 226 227 315 636 637
1 6 224 227 226 635 637 636
1 6 226 45 224 636 295 635
1 6 227 224 47 637 635 312
1 6 315 636 637 114 313 314
1 6 635 637 636 311 314 313
1 6 636 295 635 313 112 311
1 6 637 635 312 314 311 113
1 6 47 229 227 312 638 637
1 6 230 227 229 639 637 638
1 6 229 15 230 638 318 639
1 6 227 230 48 637 639 315
1 6 312 638 637 113 316 314
1 6 639 637 638 317 314 316
1 6 638 318 639 316 64 317
1 6 637 639 315 314 317 114
1 6 45 226 198 295 636 622
1 6 232 198 226 640 622 636
1 6 226 48 232 636 315 640
1 6 198 232 24 622 640 293
1 6 295 636 622 112 313 292
1 6 640 622 636 319 292 313
1 6 636 315 640 313 114 319
1 6 622 640 293 292 319 61
1 6 57 310 299 286 641 633
1 6 311 299 310 642 633 641
1 6 310 113 311 641 322 642
1 6 299 311 112 633 642 305
1 6 286 641 633 11 320 309
1 6 642 633 641 321 309 320
1 6 641 322 642 320 62 321
1 6 633 642 305 309 321 60
1 6 114 313 314 325 643 644
1 6 311 314 313 642 644 643
1 6 313 112 311 643 305 642
1 6 314 311 113 644 642 322
1 6 325 643 644 63 323 324
1 6 642 644 643 321 324 323
1 6 643 305 642 323 60 321
1 6 644 642 322 324 321 62
1 6 113 316 314 322 645 644
1 6 317 314 316 646 644 645
1 6 316 64 317 645 328 646
1 6 314 317 114 644 646 325
1 6 322 645 644 62 326 324
1 6 646 644 645 327 324 326
1 6 645 328 646 326 4 327
1 6 644 646 325 324 327 63
1 6 112 313 292 305 643 629
1 6 319 292 313 647 629 643
1 6 313 114 319 643 325 647
1 6 292 319 61 629 647 303
1 6 305 643 629 60 323 302
1 6 647 629 643 329 302 323
1 6 643 325 647 323 63 329
1 6 629 647 303 302 329 12
1 6 25 204 251 274 625 649
1 6 250 251 204 648 649 625
1 6 204 44 250 625 294 648
1 6 251 250 51 649 648 332
1 6 274 625 649 58 298 331
1 6 648 649 625 330 331 298
1 6 625 294 648 298 111 330
1 6 649 648 332 331 330 116
1 6 50 253 254 335 650 651
1 6 250 254 253 648 651 650
1 6 253 51 250 650 332 648
1 6 254 250 44 651 648 294
1 6 335 650 651 115 333 334
1 6 648 651 650 330 334 333
1 6 650 332 648 333 116 330
1 6 651 648 294 334 330 111
1 6 44 196 254 294 620 651
1 6 256 254 196 652 651 620
1 6 196 24 256 620 293 652
1 6 254 256 50 651 652 335
1 6 294 620 651 111 290 334
1 6 652 651 620 336 334 290
1 6 620 293 652 290 61 336
1 6 651 652 335 334 336 115
1 6 51 253 258 332 650 654
1 6 257 258 253 653 654 650
1 6 253 50 257 650 335 653
1 6 258 257 16 654 653 339
1 6 332 650 654 116 333 338
1 6 653 654 650 337 338 333
1 6 650 335 653 333 115 337
1 6 654 653 339 338 337 67
1 6 58 298 331 289 632 656
1 6 330 331 298 655 656 632
1 6 298 111 330 632 304 655
1 6 331 330 116 656 655 342
1 6 289 632 656 13 308 341
1 6 655 656 632 340 341 308
1 6 632 304 655 308 59 340
1 6 656 655 342 341 340 66
1 6 115 333 334 345 657 658
1 6 330 334 333 655 658 657
1 6 333 116 330 657 342 655
1 6 334 330 111 658 655 304
1 6 345 657 658 65 343 344
1 6 655 658 657 340 344 343
1 6 657 342 655 343 66 340
1 6 658 655 304 344 340 59
1 6 111 290 334 304 627 658
1 6 336 334 290 659 658 627
1 6 290 61 336 627 303 659
1 6 334 336 115 658 659 345
1 6 304 627 658 59 300 344
1 6 659 658 627 346 344 300
1 6 627 303 659 300 12 346
1 6 658 659 345 344 346 65
1 6 116 333 338 342 657 661
1 6 337 338 333 660 661 657
1 6 333 115 337 657 345 660
1 6 338 337 67 661 660 349
1 6 342 657 661 66 343 348
1 6 660 661 657 347 348 343
1 6 657 345 660 343 65 347
1 6 661 660 349 348 347 6
1 6 1 275 277 353 662 664
1 6 276 277 275 663 664 662
1 6 275 53 276 662 354 663
1 6 277 276 55 664 663 355
1 6 353 662 664 71 350 352
1 6 663 664 662 351 352 350
1 6 662 354 663 350 117 351
1 6 664 663 355 352 351 119
1 6 54 281 282 358 665 666
1 6 276 282 281 663 666 665
1 6 281 55 276 665 355 663
1 6 282 276 53 666 663 354
1 6 358 665 666 118 356 357
1 6 663 666 665 351 357 356
1 6 665 355 663 356 119 351
1 6 666 663 354 357 351 117
1 6 53 284 282 354 667 666
1 6 285 282 284 668 666 667
1 6 284 11 285 667 361 668
1 6 282 285 54 666 668 358
1 6 354 667 666 117 359 357
1 6 668 666 667 360 357 359
1 6 667 361 668 359 72 360
1 6 666 668 358 357 360 118
1 6 55 281 288 355 665 670
1 6 287 288 281 669 670 665
1 6 281 54 287 665 358 669
1 6 288 287 13 670 669 364
1 6 355 665 670 119 356 363
1 6 669 670 665 362 363 356
1 6 665 358 669 356 118 362
1 6 670 669 364 363 362 73
1 6 71 350 352 368 671 673
1 6 351 352 350 672 673 671
1 6 350 117 351 671 369 672
1 6 352 351 119 673 672 370
1 6 368 671 673 20 365 367
1 6 672 673 671 366 367 365
1 6 671 369 672 365 68 366
1 6 673 672 370 367 366 70
1 6 118 356 357 373 674 675
1 6 351 357 356 672 675 674
1 6 356 119 351 674 370 672
1 6 357 351 117 675 672 369
1 6 373 674 675 69 371 372
1 6 672 675 674 366 372 371
1 6 674 370 672 371 70 366
1 6 675 672 369 372 366 68
1 6 117 359 357 369 676 675
1 6 360 357 359 677 675 676
1 6 359 72 360 676 376 677
1 6 357 360 118 675 677 373
1 6 369 676 675 68 374 372
1 6 677 675 676 375 372 374
1 6 676 376 677 374 26 375
1 6 675 677 373 372 375 69
1 6 119 356 363 370 674 679
1 6 362 363 356 678 679 674
1 6 356 118 362 674 373 678
1 6 363 362 73 679 678 379
1 6 370 674 679 70 371 378
1 6 678 679 674 377 378 371
1 6 674 373 678 371 69 377
1 6 679 678 379 378 377 28
1 6 12 300 302 383 680 682
1 6 301 302 300 681 682 680
1 6 300 59 301 680 384 681
1 6 302 301 60 682 681 385
1 6 383 680 682 76 380 382
1 6 681 682 680 381 382 380
1 6 680 384 681 380 120 381
1 6 682 681 385 382 381 121
1 6 54 306 307 358 683 684
1 6 301 307 306 681 684 683
1 6 306 60 301 683 385 681
1 6 307 301 59 684 681 384
1 6 358 683 684 118 386 387
1 6 681 684 683 381 387 386
1 6 683 385 681 386 121 381
1 6 684 681 384 387 381 120
1 6 59 308 307 384 685 684
1 6 287 307 308 669 684 685
1 6 308 13 287 685 364 669
1 6 307 287 54 684 669 358
1 6 384 685 684 120 388 387
1 6 669 684 685 362 387 388
1 6 685 364 669 388 73 362
1 6 684 669 358 387 362 118
1 6 60 306 309 385 683 686
1 6 285 309 306 668 686 683
1 6 306 54 285 683 358 668
1 6 309 285 11 686 668 361
1 6 385 683 686 121 386 389
1 6 668 686 683 360 389 386
1 6 683 358 668 386 118 360
1 6 686 668 361 389 360 72
1 6 76 380 382 393 687 689
1 6 381 382 380 688 689 687
1 6 380 120 381 687 394 688
1 6 382 381 121 689 688 395
1 6 393 687 689 27 390 392
1 6 688 689 687 391 392 390
1 6 687 394 688 390 74 391
1 6 689 688 395 392 391 75
1 6 118 386 387 373 690 691
1 6 381 387 386 688 691 690
1 6 386 121 381 690 395 688
1 6 387 381 120 691 688 394
1 6 373 690 691 69 396 397
1 6 688 691 690 391 397 396
1 6 690 395 688 396 75 391
1 6 691 688 394 397 391 74
1 6 120 388 387 394 692 691
1 6 362 387 388 678 691 692
1 6 388 73 362 692 379 678
1 6 387 362 118 691 678 373
1 6 394 692 691 74 398 397
1 6 678 691 692 377 397 398
1 6 692 379 678 398 28 377
1 6 691 678 373 397 377 69
1 6 121 386 389 395 690 693
1 6 360 389 386 677 693 690
1 6 386 118 360 690 373 677
1 6 389 360 72 693 677 376
1 6 395 690 693 75 396 399
1 6 677 693 690 375 399 396
1 6 690 373 677 396 69 375
1 6 693 677 376 399 375 26
1 6 11 320 309 361 694 686
1 6 321 309 320 695 686 694
1 6 320 62 321 694 402 695
1 6 309 321 60 686 695 385
1 6 361 694 686 72 400 389
1 6 695 686 694 401 389 400
1 6 694 402 695 400 122 401
1 6 686 695 385 389 401 121
1 6 63 323 324 405 696 697
1 6 321 324 323 695 697 696
1 6 323 60 321 696 385 695
1 6 324 321 62 697 695 402
1 6 405 696 697 123 403 404
1 6 695 697 696 401 404 403
1 6 696 385 695 403 121 401
1 6 697 695 402 404 401 122
1 6 62 326 324 402 698 697
1 6 327 324 326 699 697 698
1 6 326 4 327 698 408 699
1 6 324 327 63 697 699 405
1 6 402 698 697 122 406 404
1 6 699 697 698 407 404 406
1 6 698 408 699 406 79 407
1 6 697 699 405 404 407 123
1 6 60 323 302 385 696 682
1 6 329 302 323 700 682 696
1 6 323 63 329 696 405 700
1 6 302 329 12 682 700 383
1 6 385 696 682 121 403 382
1 6 700 682 696 409 382 403
1 6 696 405 700 403 123 409
1 6 682 700 383 382 409 76
1 6 72 400 389 376 701 693
1 6 401 389 400 702 693 701
1 6 400 122 401 701 412 702
1 6 389 401 121 693 702 395
1 6 376 701 693 26 410 399
1 6 702 693 701 411 399 410
1 6 701 412 702 410 77 411
1 6 693 702 395 399 411 75
1 6 123 403 404 415 703 704
1 6 401 404 403 702 704 703
1 6 403 121 401 703 395 702
1 6 404 401 122 704 702 412
1 6 415 703 704 78 413 414
1 6 702 704 703 411 414 413
1 6 703 395 702 413 75 411
1 6 704 702 412 414 411 77
1 6 122 406 404 412 705 704
1 6 407 404 406 706 704 705
1 6 406 79 407 705 418 706
1 6 404 407 123 704 706 415
1 6 412 705 704 77 416 414
1 6 706 704 705 417 414 416
1 6 705 418 706 416 21 417
1 6 704 706 415 414 417 78
1 6 121 403 382 395 703 689
1 6 409 382 403 707 689 703
1 6 403 123 409 703 415 707
1 6 382 409 76 689 707 393
1 6 395 703 689 75 413 392
1 6 707 689 703 419 392 413
1 6 703 415 707 413 78 419
1 6 689 707 393 392 419 27
1 6 13 308 341 364 685 709
1 6 340 341 308 708 709 685
1 6 308 59 340 685 384 708
1 6 341 340 66 709 708 422
1 6 364 685 709 73 388 421
1 6 708 709 685 420 421 388
1 6 685 384 708 388 120 420
1 6 709 708 422 421 420 125
1 6 65 343 344 425 710 711
1 6 340 344 343 708 711 710
1 6 343 66 340 710 422 708
1 6 344 340 59 711 708 384
1 6 425 710 711 124 423 424
1 6 708 711 710 420 424 423
1 6 710 422 708 423 125 420
1 6 711 708 384 424 420 120
1 6 59 300 344 384 680 711
1 6 346 344 300 712 711 680
1 6 300 12 346 680 383 712
1 6 344 346 65 711 712 425
1 6 384 680 711 120 380 424
1 6 712 711 680 426 424 380
1 6 680 383 712 380 76 426
1 6 711 712 425 424 426 124
1 6 66 343 348 422 710 714
1 6 347 348 343 713 714 710
1 6 343 65 347 710 425 713
1 6 348 347 6 714 713 429
1 6 422 710 714 125 423 428
1 6 713 714 710 427 428 423
1 6 710 425 713 423 124 427
1 6 714 713 429 428 427 82
1 6 73 388 421 379 692 716
1 6 420 421 388 715 716 692
1 6 388 120 420 692 394 715
1 6 421 420 125 716 715 432
1 6 379 692 716 28 398 431
1 6 715 716 692 430 431 398
1 6 692 394 715 398 74 430
1 6 716 715 432 431 430 81
1 6 124 423 424 435 717 718
1 6 420 424 423 715 718 717
1 6 423 125 420 717 432 715
1 6 424 420 120 718 715 394
1 6 435 717 718 80 433 434
1 6 715 718 717 430 434 433
1 6 717 432 715 433 81 430
1 6 718 715 394 434 430 74
1 6 120 380 424 394 687 718
1 6 426 424 380 719 718 687
1 6 380 76 426 687 393 719
1 6 424 426 124 718 719 435
1 6 394 687 718 74 390 434
1 6 719 718 687 436 434 390
1 6 687 393 719 390 27 436
1 6 718 719 435 434 436 80
1 6 125 423 428 432 717 721
1 6 427 428 423 720 721 717
1 6 423 124 427 717 435 720
1 6 428 427 82 721 720 439
1 6 432 717 721 81 433 438
1 6 720 721 717 437 438 433
1 6 717 435 720 433 80 437
1 6 721 720 439 438 437 22
1 6 20 365 367 443 722 724
1 6 366 367 365 723 724 722
1 6 365 68 366 722 444 723
1 6 367 366 70 724 723 445
1 6 443 722 724 86 440 442
1 6 723 724 722 441 442 440
1 6 722 444 723 440 126 441
1 6 724 723 445 442 441 128
1 6 69 371 372 448 725 726
1 6 366 372 371 723 726 725
1 6 371 70 366 725 445 723
1 6 372 366 68 726 723 444
1 6 448 725 726 127 446 447
1 6 723 726 725 441 447 446
1 6 725 445 723 446 128 441
1 6 726 723 444 447 441 126
1 6 68 374 372 444 727 726
1 6 375 372 374 728 726 727
1 6 374 26 375 727 451 728
1 6 372 375 69 726 728 448
1 6 444 727 726 126 449 447
1 6 728 726 727 450 447 449
1 6 727 451 728 449 87 450
1 6 726 728 448 447 450 127
1 6 70 371 378 445 725 730
1 6 377 378 371 729 730 725
1 6 371 69 377 725 448 729
1 6 378 377 28 730 729 454
1 6 445 725 730 128 446 453
1 6 729 730 725 452 453 446
1 6 725 448 729 446 127 452
1 6 730 729 454 453 452 88
1 6 86 440 442 458 731 733
1 6 441 442 440 732 733 731
1 6 440 126 441 731 459 732
1 6 442 441 128 733 732 460
1 6 458 731 733 2 455 457
1 6 732 733 731 456 457 455
1 6 731 459 732 455 83 456
1 6 733 732 460 457 456 85
1 6 127 446 447 463 734 735
1 6 441 447 446 732 735 734
1 6 446 128 441 734 460 732
1 6 447 441 126 735 732 459
1 6 463 734 735 84 461 462
1 6 732 735 734 456 462 461
1 6 734 460 732 461 85 456
1 6 735 732 459 462 456 83
1 6 126 449 447 459 736 735
1 6 450 447 449 737 735 736
1 6 449 87 450 736 466 737
1 6 447 450 127 735 737 463
1 6 459 736 735 83 464 462
1 6 737 735 736 465 462 464
1 6 736 466 737 464 17 465
1 6 735 737 463 462 465 84
1 6 128 446 453 460 734 739
1 6 452 453 446 738 739 734
1 6 446 127 452 734 463 738
1 6 453 452 88 739 738 469
1 6 460 734 739 85 461 468
1 6 738 739 734 467 468 461
1 6 734 463 738 461 84 467
1 6 739 738 469 468 467 19
1 6 27 390 392 473 740 742
1 6 391 392 390 741 742 740
1 6 390 74 391 740 474 741
1 6 392 391 75 742 741 475
1 6 473 740 742 91 470 472
1 6 741 742 740 471 472 470
1 6 740 474 741 470 129 471
1 6 742 741 475 472 471 130
1 6 69 396 397 448 743 744
1 6 391 397 396 741 744 743
1 6 396 75 391 743 475 741
1 6 397 391 74 744 741 474
1 6 448 743 744 127 476 477
1 6 741 744 743 471 477 476
1 6 743 475 741 476 130 471
1 6 744 741 474 477 471 129
1 6 74 398 397 474 745 744
1 6 377 397 398 729 744 745
1 6 398 28 377 745 454 729
1 6 397 377 69 744 729 448
1 6 474 745 744 129 478 477
1 6 729 744 745 452 477 478
1 6 745 454 729 478 88 452
1 6 744 729 448 477 452 127
1 6 75 396 399 475 743 746
1 6 375 399 396 728 746 743
1 6 396 69 375 743 448 728
1 6 399 375 26 746 728 451
1 6 475 743 746 130 476 479
1 6 728 746 743 450 479 476
1 6 743 448 728 476 127 450
1 6 746 728 451 479 450 87
1 6 91 470 472 483 747 749
1 6 471 472 470 748 749 747
1 6 470 129 471 747 484 748
1 6 472 471 130 749 748 485
1 6 483 747 749 18 480 482
1 6 748 749 747 481 482 480
1 6 747 484 748 480 89 481
1 6 749 748 485 482 481 90
1 6 127 476 477 463 750 751
1 6 471 477 476 748 751 750
1 6 476 130 471 750 485 748
1 6 477 471 129 751 748 484
1 6 463 750 751 84 486 487
1 6 748 751 750 481 487 486
1 6 750 485 748 486 90 481
1 6 751 748 484 487 481 89
1 6 129 478 477 484 752 751
1 6 452 477 478 738 751 752
1 6 478 88 452 752 469 738
1 6 477 452 127 751 738 463
1 6 484 752 751 89 488 487
1 6 738 751 752 467 487 488
1 6 752 469 738 488 19 467
1 6 751 738 463 487 467 84
1 6 130 476 479 485 750 753
1 6 450 479 476 737 753 750
1 6 476 127 450 750 463 737
1 6 479 450 87 753 737 466
1 6 485 750 753 90 486 489
1 6 737 753 750 465 489 486
1 6 750 463 737 486 84 465
1 6 753 737 466 489 465 17
1 6 26 410 399 451 754 746
1 6 411 399 410 755 746 754
1 6 410 77 411 754 492 755
1 6 399 411 75 746 755 475
1 6 451 754 746 87 490 479
1 6 755 746 754 491 479 490
1 6 754 492 755 490 131 491
1 6 746 755 475 479 491 130
1 6 78 413 414 495 756 757
1 6 411 414 413 755 757 756
1 6 413 75 411 756 475 755
1 6 414 411 77 757 755 492
1 6 495 756 757 132 493 494
1 6 755 757 756 491 494 493
1 6 756 475 755 493 130 491
1 6 757 755 492 494 491 131
1 6 77 416 414 492 758 757
1 6 417 414 416 759 757 758
1 6 416 21 417 758 498 759
1 6 414 417 78 757 759 495
1 6 492 758 757 131 496 494
1 6 759 757 758 497 494 496
1 6 758 498 759 496 92 497
1 6 757 759 495 494 497 132
1 6 75 413 392 475 756 742
1 6 419 392 413 760 742 756
1 6 413 78 419 756 495 760
1 6 392 419 27 742 760 473
1 6 475 756 742 130 493 472
1 6 760 742 756 499 472 493
1 6 756 495 760 493 132 499
1 6 742 760 473 472 499 91
1 6 28 398 431 454 745 762
1 6 430 431 398 761 762 745
1 6 398 74 430 745 474 761
1 6 431 430 81 762 761 502
1 6 454 745 762 88 478 501
1 6 761 762 745 500 501 478
1 6 745 474 761 478 129 500
1 6 762 761 502 501 500 134
1 6 80 433 434 505 763 764
1 6 430 434 433 761 764 763
1 6 433 81 430 763 502 761
1 6 434 430 74 764 761 474
1 6 505 763 764 133 503 504
1 6 761 764 763 500 504 503
1 6 763 502 761 503 134 500
1 6 764 761 474 504 500 129
1 6 74 390 434 474 740 764
1 6 436 434 390 765 764 740
1 6 390 27 436 740 473 765
1 6 434 436 80 764 765 505
1 6 474 740 764 129 470 504
1 6 765 764 740 506 504 470
1 6 740 473 765 470 91 506
1 6 764 765 505 504 506 133
1 6 81 433 438 502 763 767
1 6 437 438 433 766 767 763
1 6 433 80 437 763 505 766
1 6 438 437 22 767 766 509
1 6 502 763 767 134 503 508
1 6 766 767 763 507 508 503
1 6 763 505 766 503 133 507
1 6 767 766 509 508 507 95
1 6 88 478 501 469 752 769
1 6 500 501 478 768 769 752
1 6 478 129 500 752 484 768
1 6 501 500 134 769 768 512
1 6 469 752 769 19 488 511
1 6 768 769 752 510 511 488
1 6 752 484 768 488 89 510
1 6 769 768 512 511 510 94
1 6 133 503 504 515 770 771
1 6 500 504 503 768 771 770
1 6 503 134 500 770 512 768
1 6 504 500 129 771 768 484
1 6 515 770 771 93 513 514
1 6 768 771 770 510 514 513
1 6 770 512 768 513 94 510
1 6 771 768 484 514 510 89
1 6 129 470 504 484 747 771
1 6 506 504 470 772 771 747
1 6 470 91 506 747 483 772
1 6 504 506 133 771 772 515
1 6 484 747 771 89 480 514
1 6 772 771 747 516 514 480
1 6 747 483 772 480 18 516
1 6 771 772 515 514 516 93
1 6 134 503 508 512 770 774
1 6 507 508 503 773 774 770
1 6 503 133 507 770 515 773
1 6 508 507 95 774 773 519
1 6 512 770 774 94 513 518
1 6 773 774 770 517 518 513
1 6 770 515 773 513 93 517
1 6 774 773 519 518 517 7
2 6 18 480 482 523 775 777
2 6 481 482 480 776 777 775
2 6 480 89 481 775 524 776
2 6 482 481 90 777 776 525
2 6 523 775 777 97 520 522
2 6 776 777 775 521 522 520
2 6 775 524 776 520 136 521
2 6 777 776 525 522 521 137
2 6 84 486 487 528 778 779
2 6 481 487 486 776 779 778
2 6 486 90 481 778 525 776
2 6 487 481 89 779 776 524
2 6 528 778 779 135 526 527
2 6 776 779 778 521 527 526
2 6 778 525 776 526 137 521
2 6 779 776 524 527 521 136
2 6 89 488 487 524 780 779
2 6 467 487 488 781 779 780
2 6 488 19 467 780 531 781
2 6 487 467 84 779 781 528
2 6 524 780 779 136 529 527
2 6 781 779 780 530 527 529
2 6 780 531 781 529 96 530
2 6 779 781 528 527 530 135
2 6 19 488 511 531 780 783
2 6 510 511 488 782 783 780
2 6 488 89 510 780 524 782
2 6 511 510 94 783 782 534
2 6 531 780 783 96 529 533
2 6 782 783 780 532 533 529
2 6 780 524 782 529 136 532
2 6 783 782 534 533 532 139
2 6 93 513 514 537 784 785
2 6 510 514 513 782 785 784
2 6 513 94 510 784 534 782
2 6 514 510 89 785 782 524
2 6 537 784 785 138 535 536
2 6 782 785 784 532 536 535
2 6 784 534 782 535 139 532
2 6 785 782 524 536 532 136
2 6 89 480 514 524 775 785
2 6 516 514 480 786 785 775
2 6 480 18 516 775 523 786
2 6 514 516 93 785 786 537
2 6 524 775 785 136 520 536
2 6 786 785 775 538 536 520
2 6 775 523 786 520 97 538
2 6 785 786 537 536 538 138
2 6 94 513 518 534 784 788
2 6 517 518 513 787 788 784
2 6 513 93 517 784 537 787
2 6 518 517 7 788 787 541
2 6 534 784 788 139 535 540
2 6 787 788 784 539 540 535
2 6 784 537 787 535 138 539
2 6 788 787 541 540 539 98

boundary
532
3 3 0 140 542 146
3 3 140 29 147 542
3 3 542 147 99 143
3 3 146 542 143 41
3 3 29 154 547 147
3 3 154 8 158 547
3 3 547 158 42 156
3 3 147 547 156 99
3 3 99 156 556 168
3 3 156 42 175 556
3 3 556 175 23 173
3 3 168 556 173 38
3 3 41 143 551 167
3 3 143 99 168 551
3 3 551 168 38 164
3 3 167 551 164 14
3 3 8 206 574 158
3 3 206 34 210 574
3 3 574 210 104 208
3 3 158 574 208 42
3 3 34 216 578 210
3 3 216 3 220 578
3 3 578 220 49 218
3 3 210 578 218 104
3 3 104 218 585 225
3 3 218 49 231 585
3 3 585 231 15 229
3 3 225 585 229 47
3 3 42 208 581 175
3 3 208 104 225 581
3 3 581 225 47 223
3 3 175 581 223 23
3 3 23 223 634 271
3 3 223 47 312 634
3 3 634 312 113 310
3 3 271 634 310 57
3 3 47 229 638 312
3 3 229 15 318 638
3 3 638 318 64 316
3 3 312 638 316 113
3 3 113 316 645 322
3 3 316 64 328 645
3 3 645 328 4 326
3 3 322 645 326 62
3 3 57 310 641 286
3 3 310 113 322 641
3 3 641 322 62 320
3 3 286 641 320 11
3 3 14 164 602 263
3 3 164 38 264 602
3 3 602 264 108 260
3 3 263 602 260 56
3 3 38 173 607 264
3 3 173 23 271 607
3 3 607 271 57 269
3 3 264 607 269 108
3 3 108 269 616 279
3 3 269 57 286 616
3 3 616 286 11 284
3 3 279 616 284 53
3 3 56 260 611 278
3 3 260 108 279 611
3 3 611 279 53 275
3 3 278 611 275 1
3 3 1 275 662 353
3 3 275 53 354 662
3 3 662 354 117 350
3 3 353 662 350 71
3 3 53 284 667 354
3 3 284 11 361 667
3 3 667 361 72 359
3 3 354 667 359 117
3 3 117 359 676 369
3 3 359 72 376 676
3 3 676 376 26 374
3 3 369 676 374 68
3 3 71 350 671 368
3 3 350 117 369 671
3 3 671 369 68 365
3 3 368 671 365 20
3 3 11 320 694 361
3 3 320 62 402 694
3 3 694 402 122 400
3 3 361 694 400 72
3 3 62 326 698 402
3 3 326 4 408 698
3 3 698 408 79 406
3 3 402 698 406 122
3 3 122 406 705 412
3 3 406 79 418 705
3 3 705 418 21 416
3 3 412 705 416 77
3 3 72 400 701 376
3 3 400 122 412 701
3 3 701 412 77 410
3 3 376 701 410 26
3 3 26 410 754 451
3 3 410 77 492 754
3 3 754 492 131 490
3 3 451 754 490 87
3 3 77 416 758 492
3 3 416 21 498 758
3 3 758 498 92 496
3 3 492 758 496 131
3 3 20 365 722 443
3 3 365 68 444 722
3 3 722 444 126 440
3 3 443 722 440 86
3 3 68 374 727 444
3 3 374 26 451 727
3 3 727 451 87 449
3 3 444 727 449 126
3 3 126 449 736 459
3 3 449 87 466 736
3 3 736 466 17 464
3 3 459 736 464 83
3 3 86 440 731 458
3 3 440 126 459 731
3 3 731 459 83 455
3 3 458 731 455 2
3 3 5 246 594 249
3 3 246 37 237 594
3 3 594 237 107 248
3 3 249 594 248 52
3 3 37 234 589 237
3 3 234 10 163 589
3 3 589 163 43 236
3 3 237 589 236 107
3 3 107 236 596 252
3 3 236 43 178 596
3 3 596 178 25 251
3 3 252 596 251 51
3 3 52 248 601 259
3 3 248 107 252 601
3 3 601 252 51 258
3 3 259 601 258 16
3 3 10 160 550 163
3 3 160 31 148 550
3 3 550 148 101 162
3 3 163 550 162 43
3 3 31 142 544 148
3 3 142 0 146 544
3 3 544 146 41 145
3 3 148 544 145 101
3 3 101 145 553 169
3 3 145 41 167 553
3 3 553 167 14 166
3 3 169 553 166 40
3 3 43 162 559 178
3 3 162 101 169 559
3 3 559 169 40 177
3 3 178 559 177 25
3 3 25 177 610 274
3 3 177 40 265 610
3 3 610 265 110 273
3 3 274 610 273 58
3 3 40 166 604 265
3 3 166 14 263 604
3 3 604 263 56 262
3 3 265 604 262 110
3 3 110 262 613 280
3 3 262 56 278 613
3 3 613 278 1 277
3 3 280 613 277 55
3 3 58 273 619 289
3 3 273 110 280 619
3 3 619 280 55 288
3 3 289 619 288 13
3 3 16 258 654 339
3 3 258 51 332 654
3 3 654 332 116 338
3 3 339 654 338 67
3 3 51 251 649 332
3 3 251 25 274 649
3 3 649 274 58 331
3 3 332 649 331 116
3 3 116 331 656 342
3 3 331 58 289 656
3 3 656 289 13 341
3 3 342 656 341 66
3 3 67 338 661 349
3 3 338 116 342 661
3 3 661 342 66 348
3 3 349 661 348 6
3 3 6 348 714 429
3 3 348 66 422 714
3 3 714 422 125 428
3 3 429 714 428 82
3 3 66 341 709 422
3 3 341 13 364 709
3 3 709 364 73 421
3 3 422 709 421 125
3 3 125 421 716 432
3 3 421 73 379 716
3 3 716 379 28 431
3 3 432 716 431 81
3 3 82 428 721 439
3 3 428 125 432 721
3 3 721 432 81 438
3 3 439 721 438 22
3 3 13 288 670 364
3 3 288 55 355 670
3 3 670 355 119 363
3 3 364 670 363 73
3 3 55 277 664 355
3 3 277 1 353 664
3 3 664 353 71 352
3 3 355 664 352 119
3 3 119 352 673 370
3 3 352 71 368 673
3 3 673 368 20 367
3 3 370 673 367 70
3 3 73 363 679 379
3 3 363 119 370 679
3 3 679 370 70 378
3 3 379 679 378 28
3 3 28 378 730 454
3 3 378 70 445 730
3 3 730 445 128 453
3 3 454 730 453 88
3 3 70 367 724 445
3 3 367 20 443 724
3 3 724 443 86 442
3 3 445 724 442 128
3 3 128 442 733 460
3 3 442 86 458 733
3 3 733 458 2 457
3 3 460 733 457 85
3 3 88 453 739 469
3 3 453 128 460 739
3 3 739 460 85 468
3 3 469 739 468 19
3 3 22 438 767 509
3 3 438 81 502 767
3 3 767 502 134 508
3 3 509 767 508 95
3 3 81 431 762 502
3 3 431 28 454 762
3 3 762 454 88 501
3 3 502 762 501 134
3 3 134 501 769 512
3 3 501 88 469 769
3 3 769 469 19 511
3 3 512 769 511 94
3 3 95 508 774 519
3 3 508 134 512 774
3 3 774 512 94 518
3 3 519 774 518 7
3 3 7 518 788 541
3 3 518 94 534 788
3 3 788 534 139 540
3 3 541 788 540 98
3 3 94 511 783 534
3 3 511 19 531 783
3 3 783 531 96 533
3 3 534 783 533 139
3 3 3 217 579 220
3 3 217 35 215 579
3 3 579 215 105 219
3 3 220 579 219 49
3 3 35 221 580 215
3 3 221 9 185 580
3 3 580 185 46 222
3 3 215 580 222 105
3 3 105 222 587 228
3 3 222 46 199 587
3 3 587 199 24 232
3 3 228 587 232 48
3 3 49 219 586 231
3 3 219 105 228 586
3 3 586 228 48 230
3 3 231 586 230 15
3 3 9 243 592 185
3 3 243 36 242 592
3 3 592 242 106 244
3 3 185 592 244 46
3 3 36 245 593 242
3 3 245 5 249 593
3 3 593 249 52 247
3 3 242 593 247 106
3 3 106 247 600 255
3 3 247 52 259 600
3 3 600 259 16 257
3 3 255 600 257 50
3 3 46 244 599 199
3 3 244 106 255 599
3 3 599 255 50 256
3 3 199 599 256 24
3 3 24 256 652 293
3 3 256 50 335 652
3 3 652 335 115 336
3 3 293 652 336 61
3 3 50 257 653 335
3 3 257 16 339 653
3 3 653 339 67 337
3 3 335 653 337 115
3 3 115 337 660 345
3 3 337 67 349 660
3 3 660 349 6 347
3 3 345 660 347 65
3 3 61 336 659 303
3 3 336 115 345 659
3 3 659 345 65 346
3 3 303 659 346 12
3 3 15 230 639 318
3 3 230 48 315 639
3 3 639 315 114 317
3 3 318 639 317 64
3 3 48 232 640 315
3 3 232 24 293 640
3 3 640 293 61 319
3 3 315 640 319 114
3 3 114 319 647 325
3 3 319 61 303 647
3 3 647 303 12 329
3 3 325 647 329 63
3 3 64 317 646 328
3 3 317 114 325 646
3 3 646 325 63 327
3 3 328 646 327 4
3 3 4 327 699 408
3 3 327 63 405 699
3 3 699 405 123 407
3 3 408 699 407 79
3 3 63 329 700 405
3 3 329 12 383 700
3 3 700 383 76 409
3 3 405 700 409 123
3 3 123 409 707 415
3 3 409 76 393 707
3 3 707 393 27 419
3 3 415 707 419 78
3 3 79 407 706 418
3 3 407 123 415 706
3 3 706 415 78 417
3 3 418 706 417 21
3 3 12 346 712 383
3 3 346 65 425 712
3 3 712 425 124 426
3 3 383 712 426 76
3 3 65 347 713 425
3 3 347 6 429 713
3 3 713 429 82 427
3 3 425 713 427 124
3 3 124 427 720 435
3 3 427 82 439 720
3 3 720 439 22 437
3 3 435 720 437 80
3 3 76 426 719 393
3 3 426 124 435 719
3 3 719 435 80 436
3 3 393 719 436 27
3 3 27 436 765 473
3 3 436 80 505 765
3 3 765 505 133 506
3 3 473 765 506 91
3 3 80 437 766 505
3 3 437 22 509 766
3 3 766 509 95 507
3 3 505 766 507 133
3 3 133 507 773 515
3 3 507 95 519 773
3 3 773 519 7 517
3 3 515 773 517 93
3 3 91 506 772 483
3 3 506 133 515 772
3 3 772 515 93 516
3 3 483 772 516 18
3 3 21 417 759 498
3 3 417 78 495 759
3 3 759 495 132 497
3 3 498 759 497 92
3 3 78 419 760 495
3 3 419 27 473 760
3 3 760 473 91 499
3 3 495 760 499 132
3 3 18 516 786 523
3 3 516 93 537 786
3 3 786 537 138 538
3 3 523 786 538 97
3 3 93 517 787 537
3 3 517 7 541 787
3 3 787 541 98 539
3 3 537 787 539 138
7 2 0 142 140
7 2 30 150 149
7 2 29 150 154
7 2 31 160 149
7 2 9 181 179
7 2 30 189 188
7 2 32 189 192
7 2 33 194 188
7 2 8 194 206
7 2 35 212 211
7 2 34 212 216
7 2 33 181 211
7 2 10 234 192
7 2 36 239 238
7 2 32 239 179
7 2 37 246 238
7 2 2 455 457
7 2 84 461 462
7 2 83 464 462
7 2 85 461 468
7 2 90 486 489
7 2 87 490 479
7 2 132 493 494
7 2 131 496 494
7 2 130 493 472
7 2 97 520 522
7 2 135 526 527
7 2 136 529 527
7 2 96 529 533
7 2 138 535 536
7 2 136 520 536
7 2 139 535 540
7 2 141 140 142
7 2 140 141 29
7 2 142 31 141
7 2 141 149 150
7 2 149 141 31
7 2 150 29 141
7 2 155 154 150
7 2 154 155 8
7 2 150 30 155
7 2 159 149 160
7 2 149 159 30
7 2 160 10 159
7 2 180 179 181
7 2 179 180 32
7 2 181 33 180
7 2 180 188 189
7 2 188 180 33
7 2 189 32 180
7 2 159 192 189
7 2 192 159 10
7 2 189 30 159
7 2 155 188 194
7 2 188 155 30
7 2 194 8 155
7 2 207 206 194
7 2 206 207 34
7 2 194 33 207
7 2 207 211 212
7 2 211 207 33
7 2 212 34 207
7 2 217 216 212
7 2 216 217 3
7 2 212 35 217
7 2 221 211 181
7 2 211 221 35
7 2 181 9 221
7 2 233 192 234
7 2 192 233 32
7 2 234 37 233
7 2 233 238 239
7 2 238 233 37
7 2 239 32 233
7 2 243 179 239
7 2 179 243 9
7 2 239 36 243
7 2 245 238 246
7 2 238 245 36
7 2 246 5 245
7 2 456 457 455
7 2 455 83 456
7 2 457 456 85
7 2 456 462 461
7 2 461 85 456
7 2 462 456 83
7 2 465 462 464
7 2 464 17 465
7 2 462 465 84
7 2 467 468 461
7 2 461 84 467
7 2 468 467 19
7 2 465 489 486
7 2 486 84 465
7 2 489 465 17
7 2 491 479 490
7 2 490 131 491
7 2 479 491 130
7 2 491 494 493
7 2 493 130 491
7 2 494 491 131
7 2 497 494 496
7 2 496 92 497
7 2 494 497 132
7 2 499 472 493
7 2 493 132 499
7 2 472 499 91
7 2 521 522 520
7 2 520 136 521
7 2 522 521 137
7 2 521 527 526
7 2 526 137 521
7 2 527 521 136
7 2 530 527 529
7 2 529 96 530
7 2 527 530 135
7 2 532 533 529
7 2 529 136 532
7 2 533 532 139
7 2 532 536 535
7 2 535 139 532
7 2 536 532 136
7 2 538 536 520
7 2 520 97 538
7 2 536 538 138
7 2 539 540 535
7 2 535 138 539
7 2 540 539 98
7 3 130 472 749 485
7 3 87 479 753 466
7 3 467 84 528 781
7 3 90 482 777 525
7 3 84 486 778 528
7 3 472 91 483 749
7 3 749 483 18 482
7 3 485 749 482 90
7 3 479 130 485 753
7 3 753 485 90 489
7 3 466 753 489 17
7 3 19 467 781 531
7 3 531 781 530 96
7 3 781 528 135 530
7 3 482 18 523 777
7 3 777 523 97 522
7 3 525 777 522 137
7 3 486 90 525 778
7 3 778 525 137 526
7 3 528 778 526 135

vertices
789

nodes
FiniteElementSpace
FiniteElementCollection: H1_3D_P1
VDim: 3
Ordering: 1

1.9934223 -0.00032081819 -0.020882206
2.9908218 -0.00026621667 -0.044886264
3.9884562 -0.00049618934 -0.075933131
1.9934223 1.0003208 -0.020882206
2.9908218 1.0002662 -0.044886264
2.0131459 0.5 0.97854957
3.0183476 0.5 0.95464273
4.023092 0.5 0.92318825
1.9934025 0.5 -0.021106854
2.0032968 0.7499123 0.47904685
2.0032968 0.2500877 0.47904685
2.9908018 0.5 -0.045072806
3.0045969 0.74992676 0.45505596
3.0045969 0.25007324 0.45505596
2.4920628 -0.00029406018 -0.031908321
2.4920628 1.0002941 -0.031908321
2.5158649 0.5 0.96757094
3.9886321 0.5 -0.076223151
4.0056807 0.74987161 0.42400557
4.0056807 0.25012839 0.42400557
3.4896922 -0.00023975008 -0.059629352
3.4896922 1.0002398 -0.059629352
3.520615 0.5 0.9399454
2.4920429 0.5 -0.032114213
2.5039766 0.74991961 0.46802669
2.5039766 0.25008039 0.46802669
3.4896906 0.5 -0.059803494
3.5051522 0.74993376 0.44031208
3.5051522 0.25006624 0.44031208
1.9934084 0.24983652 -0.021045777
1.9983619 0.37497812 0.22902088
1.9983813 0.12493333 0.22914264
2.0032807 0.5 0.47898264
1.9983619 0.62502188 0.22902088
1.9934084 0.75016348 -0.021045777
1.9983813 0.87506667 0.22914264
2.008205 0.62488879 0.7288453
2.008205 0.37511121 0.7288453
2.4920488 0.24985016 -0.032058242
2.498022 0.37497994 0.21800289
2.4980414 0.12493889 0.21811446
2.2427277 -0.00030746357 -0.026140304
2.2427079 0.5 -0.026355595
2.2536441 0.25008404 0.47379169
2.5039605 0.5 0.46796787
2.498022 0.62502006 0.21800289
2.2536441 0.74991596 0.47379169
2.4920488 0.75014984 -0.032058242
2.4980414 0.87506111 0.21811446
2.2427277 1.0003075 -0.026140304
2.5099045 0.62489806 0.71784199
2.5099045 0.37510194 0.71784199
2.264535 0.5 0.97331515
2.9908074 0.2498647 -0.045022102
2.9977115 0.37498211 0.20503388
2.9977312 0.12494503 0.20513482
2.7414274 -0.00028043445 -0.038164289
2.7414073 0.5 -0.038360628
2.7542943 0.25007676 0.46177402
3.0045809 0.5 0.45500299
2.9977115 0.62501789 0.20503388
2.7542943 0.74992324 0.46177402
2.9908074 0.7501353 -0.045022102
2.9977312 0.87505497 0.20513482
2.7414274 1.0002804 -0.038164289
3.0114562 0.62490723 0.70488909
3.0114562 0.37509277 0.70488909
2.7671356 0.5 0.96133927
3.48969 0.24987942 -0.059755576
3.4974327 0.37498541 0.19029083
3.4974447 0.12495326 0.19038727
3.2402451 -0.00025139037 -0.052051073
3.2402281 0.5 -0.052228443
3.2548836 0.25006998 0.44789488
3.505137 0.5 0.44026441
3.4974327 0.62501459 0.19029083
3.2548836 0.74993002 0.44789488
3.48969 0.75012058 -0.059755576
3.4974447 0.87504674 0.19038727
3.2402451 1.0002514 -0.052051073
3.5128618 0.62491547 0.69016809
3.5128618 0.37508453 0.69016809
3.2695034 0.5 0.94750415
3.9886506 0.24976806 -0.076137191
3.9972062 0.37497032 0.17397472
3.9971658 0.12489671 0.17412484
3.739133 -0.00025338348 -0.067579564
3.7391848 0.5 -0.067770716
3.7554039 0.25005817 0.43232886
4.0055961 0.5 0.42392657
3.9972062 0.62502968 0.17397472
3.7554039 0.74994183 0.43232886
3.739133 1.0002534 -0.067579564
4.0141707 0.62484513 0.67370223
4.0141707 0.37515487 0.67370223
3.771744 0.5 0.93196859
4.2667964 0.25264647 0.40607401
4.2667964 0.74735353 0.40607401
4.3190531 0.5 0.89190433
2.2427138 0.24984332 -0.026297064
2.2481882 0.37497902 0.22376682
2.2482076 0.1249361 0.2238835
2.253628 0.5 0.47373016
2.2481882 0.62502098 0.22376682
2.2427138 0.75015668 -0.026297064
2.2482076 0.8750639 0.2238835
2.2590732 0.62489342 0.72359855
2.2590732 0.37510658 0.72359855
2.7414132 0.24985717 -0.038307263
2.7478631 0.37498091 0.21175122
2.7478827 0.12494178 0.21185755
2.7542782 0.5 0.46171801
2.7478631 0.62501909 0.21175122
2.7414132 0.75014283 -0.038307263
2.7478827 0.87505822 0.21185755
2.7606988 0.62490268 0.71159797
2.7606988 0.37509732 0.71159797
3.2402323 0.2498729 -0.052180107
3.2475675 0.37498378 0.19787298
3.2475859 0.12494902 0.19796919
3.2548679 0.5 0.44784509
3.2475675 0.62501622 0.19787298
3.2402323 0.7501271 -0.052180107
3.2475859 0.87505098 0.19796919
3.2621773 0.62491155 0.69773836
3.2621773 0.37508845 0.69773836
3.7391803 0.2498671 -0.067718374
3.747315 0.37498232 0.18230818
3.7473114 0.12495277 0.18242045
3.7553763 0.5 0.43227433
3.747315 0.62501768 0.18230818
3.7391803 0.7501329 -0.067718374
3.7473114 0.87504723 0.18242045
3.763503 0.6249229 0.68218797
3.763503 0.3750771 0.68218797
4.2421201 0.37445363 0.15555589
4.2658918 0.5 0.40463421
4.2421201 0.62554637 0.15555589
4.2911808 0.62147656 0.65059974
4.2911808 0.37852344 0.65059974
1.993415 0.12475704 -0.020972848
1.9958991 0.18736766 0.10406149
1.9959091 0.062313094 0.10414707
2.2427204 0.12476715 -0.026227172
2.245465 0.18737316 0.098805739
2.245475 0.062320871 0.098887752
2.1180713 -0.00031414205 -0.023446137
2.1180574 0.24983992 -0.023606303
2.1232935 0.12493472 0.22657819
1.9983693 0.24995588 0.22906703
1.9958919 0.31242099 0.10400124
2.2481956 0.24995771 0.22381104
2.2454577 0.31242427 0.098747992
2.1232741 0.37497857 0.22645897
1.9934041 0.3749178 -0.021091408
1.995888 0.43747372 0.10397039
2.2427095 0.37492121 -0.026340793
2.2454539 0.43747481 0.098718438
2.1180516 0.5 -0.023666108
2.0008296 0.31251558 0.35404578
2.0008424 0.18752616 0.35410864
2.2509164 0.31251493 0.34879068
2.2509292 0.18752506 0.34885092
2.1284723 0.25008587 0.47648439
2.4920554 0.1247773 -0.0319914
2.4950494 0.18737869 0.093040088
2.4950594 0.062328681 0.093118518
2.3673916 -0.00030077456 -0.028961949
2.3673776 0.24984673 -0.029115297
2.3731236 0.12493749 0.22106134
2.4980294 0.24995955 0.21804518
2.4950421 0.31242758 0.09298487
2.3731042 0.37497948 0.22094721
2.4920444 0.37492465 -0.032100059
2.4950382 0.43747591 0.092956612
2.3673717 0.5 -0.029172551
2.5009996 0.31251428 0.34302572
2.5010124 0.18752398 0.34308331
2.3788122 0.25008221 0.47097154
2.0032847 0.62495626 0.47899859
2.0008231 0.5624948 0.35401441
2.0008296 0.68748442 0.35404578
2.253632 0.62495809 0.47374545
2.25091 0.56249502 0.34876061
2.2509164 0.68748507 0.34879068
2.1284723 0.74991413 0.47648439
2.1284562 0.5 0.47642151
2.1232741 0.62502143 0.22645897
1.9983593 0.5 0.22900536
2.0008231 0.4375052 0.35401441
2.2481857 0.5 0.22375195
2.25091 0.43750498 0.34876061
2.0032847 0.37504374 0.47899859
2.253632 0.37504191 0.47374545
1.995888 0.56252628 0.10397039
2.2454539 0.56252519 0.098718438
2.5039645 0.62495991 0.46798248
2.5009931 0.56249523 0.34299697
2.5009996 0.68748572 0.34302572
2.3788122 0.74991779 0.47097154
2.3787961 0.5 0.47091135
2.3731042 0.62502052 0.22094721
2.4980194 0.5 0.21798868
2.5009931 0.43750477 0.34299697
2.5039645 0.37504009 0.46798248
2.4950382 0.56252409 0.092956612
1.9934041 0.6250822 -0.021091408
1.9958919 0.68757901 0.10400124
2.2427095 0.62507879 -0.026340793
2.2454577 0.68757573 0.098747992
2.1180574 0.75016008 -0.023606303
1.9983693 0.75004412 0.22906703
1.9958991 0.81263234 0.10406149
2.2481956 0.75004229 0.22381104
2.245465 0.81262684 0.098805739
2.1232935 0.87506528 0.22657819
1.993415 0.87524296 -0.020972848
1.9959091 0.93768691 0.10414707
2.2427204 0.87523285 -0.026227172
2.245475 0.93767913 0.098887752
2.1180713 1.0003141 -0.023446137
2.0008424 0.81247384 0.35410864
2.2509292 0.81247494 0.34885092
2.4920444 0.62507535 -0.032100059
2.4950421 0.68757242 0.09298487
2.3673776 0.75015327 -0.029115297
2.4980294 0.75004045 0.21804518
2.4950494 0.81262131 0.093040088
2.3731236 0.87506251 0.22106134
2.4920554 0.8752227 -0.0319914
2.4950594 0.93767132 0.093118518
2.3673916 1.0003008 -0.028961949
2.5010124 0.81247602 0.34308331
2.0057396 0.43753875 0.60392624
2.0057493 0.31261626 0.60395865
2.2563474 0.43753713 0.59867611
2.2563571 0.31261141 0.59870717
2.1336438 0.37510889 0.72628704
2.0081993 0.5 0.72882933
2.0057396 0.56246125 0.60392624
2.2590675 0.5 0.72358324
2.2563474 0.56246287 0.59867611
2.1336438 0.62489111 0.72628704
2.0057493 0.68738374 0.60395865
2.2563571 0.68738859 0.59870717
2.0106689 0.56242734 0.85370803
2.0106689 0.43757266 0.85370803
2.2617976 0.56243038 0.848467
2.2617976 0.43756962 0.848467
2.1388479 0.5 0.97599747
2.5069292 0.43753552 0.59291618
2.506939 0.31260657 0.59294587
2.3844935 0.37510426 0.7207826
2.5098988 0.5 0.71782736
2.5069292 0.56246448 0.59291618
2.3844935 0.62489574 0.7207826
2.506939 0.68739343 0.59294587
2.5128782 0.56243341 0.84271617
2.5128782 0.43756659 0.84271617
2.3902074 0.5 0.97050537
2.7414199 0.12478766 -0.038243521
2.7446523 0.18738437 0.086786581
2.7446624 0.062336654 0.086861362
2.6167414 -0.00028729404 -0.034976679
2.6167273 0.24985363 -0.035123147
2.6229611 0.12494031 0.21504561
2.7478706 0.24996149 0.21179151
2.7446449 0.312431 0.086733941
2.6229416 0.37498041 0.21493665
2.7414088 0.3749282 -0.038347134
2.7446411 0.43747705 0.086707006
2.6167214 0.5 -0.035177823
2.751079 0.31251368 0.33677306
2.7510918 0.18752294 0.33682792
2.6291373 0.25007857 0.46495992
2.990814 0.12479863 -0.04496154
2.9942736 0.18739054 0.080067243
2.9942839 0.06234511 0.080138275
2.8661209 -0.00027342592 -0.041468413
2.8661066 0.24986085 -0.04160784
2.8728061 0.12494334 0.20855302
2.9977189 0.24996378 0.20507214
2.9942663 0.31243478 0.080017228
2.8727864 0.37498147 0.20844938
2.9908032 0.37493204 -0.045059985
2.9942626 0.43747833 0.079991629
2.8661007 0.5 -0.041659876
3.0011544 0.31251329 0.3300549
3.0011673 0.18752213 0.33010689
2.8794475 0.25007498 0.45847177
2.7542822 0.62496171 0.46173192
2.7510725 0.56249543 0.33674568
2.751079 0.68748632 0.33677306
2.6291373 0.74992143 0.46495992
2.6291212 0.5 0.46490249
2.6229416 0.62501959 0.21493665
2.7478605 0.5 0.21173768
2.7510725 0.43750457 0.33674568
2.7542822 0.37503829 0.46173192
2.7446411 0.56252295 0.086707006
3.0045849 0.62496341 0.45501615
3.001148 0.56249554 0.33002894
3.0011544 0.68748671 0.3300549
2.8794475 0.74992502 0.45847177
2.8794314 0.5 0.45841724
2.8727864 0.62501853 0.20844938
2.9977091 0.5 0.20502101
3.001148 0.43750446 0.33002894
3.0045849 0.37503659 0.45501615
2.9942626 0.56252167 0.079991629
2.7414088 0.6250718 -0.038347134
2.7446449 0.687569 0.086733941
2.6167273 0.75014637 -0.035123147
2.7478706 0.75003851 0.21179151
2.7446523 0.81261563 0.086786581
2.6229611 0.87505969 0.21504561
2.7414199 0.87521234 -0.038243521
2.7446624 0.93766335 0.086861362
2.6167414 1.0002873 -0.034976679
2.7510918 0.81247706 0.33682792
2.9908032 0.62506796 -0.045059985
2.9942663 0.68756522 0.080017228
2.8661066 0.75013915 -0.04160784
2.9977189 0.75003622 0.20507214
2.9942736 0.81260946 0.080067243
2.8728061 0.87505666 0.20855302
2.990814 0.87520137 -0.04496154
2.9942839 0.93765489 0.080138275
2.8661209 1.0002734 -0.041468413
3.0011673 0.81247787 0.33010689
2.7574852 0.43753391 0.58666875
2.757495 0.31260174 0.58669702
2.6353062 0.37509963 0.71477951
2.7606931 0.5 0.71158403
2.7574852 0.56246609 0.58666875
2.6353062 0.62490037 0.71477951
2.757495 0.68739826 0.58669702
2.7639107 0.56243643 0.83647791
2.7639107 0.43756357 0.83647791
2.6415077 0.5 0.96451463
3.0080153 0.43753235 0.57995639
3.0080249 0.31259699 0.57998309
2.8860821 0.37509503 0.70830021
3.0114507 0.5 0.70487593
3.0080153 0.56246765 0.57995639
2.8860821 0.62490497 0.70830021
3.0080249 0.68740301 0.57998309
3.0148957 0.5624394 0.82977485
3.0148957 0.4375606 0.82977485
2.8927489 0.5 0.95804769
3.2402378 0.12481038 -0.052122532
3.2439131 0.18739761 0.072904837
3.2439227 0.062354346 0.072972399
3.11553 -0.00025881073 -0.048414908
3.1155159 0.24986874 -0.048547199
3.1226579 0.12494691 0.20160584
3.2475741 0.24996685 0.19790956
3.243907 0.31243925 0.072857089
3.1226385 0.37498287 0.20150749
3.2402291 0.37493625 -0.052216207
3.2439041 0.43747986 0.072832582
3.1155107 0.5 -0.048596624
3.2512253 0.31251339 0.32289349
3.251238 0.18752182 0.32294276
3.1297423 0.25007158 0.45152942
3.4896901 0.12482008 -0.059699071
3.4935699 0.18740435 0.065325699
3.4935736 0.06236273 0.065392522
3.3649665 -0.00024454106 -0.055790847
3.3649569 0.2498768 -0.05591749
3.3725148 0.12495125 0.19422836
3.4974366 0.24997012 0.19032782
3.4935688 0.31244333 0.065277845
3.3724987 0.37498473 0.19413317
3.4896904 0.37493938 -0.059791328
3.4935685 0.43748118 0.065253079
3.3649545 0.5 -0.055965192
3.5012914 0.31251343 0.31531045
3.5013029 0.18752156 0.31535903
3.3800203 0.25006834 0.444155
3.2548717 0.62496488 0.44785749
3.2512192 0.56249545 0.3228688
3.2512253 0.68748661 0.32289349
3.1297423 0.74992842 0.45152942
3.1297264 0.5 0.45147804
3.1226385 0.62501713 0.20150749
3.2475654 0.5 0.19786065
3.2512192 0.43750455 0.3228688
3.2548717 0.37503512 0.44785749
3.2439041 0.56252014 0.072832582
3.5051407 0.62496658 0.44027635
3.5012861 0.56249543 0.3152858
3.5012914 0.68748657 0.31531045
3.3800203 0.74993166 0.444155
3.380005 0.5 0.44410656
3.3724987 0.62501527 0.19413317
3.4974314 0.5 0.19027828
3.5012861 0.43750457 0.3152858
3.5051407 0.37503342 0.44027635
3.4935685 0.56251882 0.065253079
3.2402291 0.62506375 -0.052216207
3.243907 0.68756075 0.072857089
3.1155159 0.75013126 -0.048547199
3.2475741 0.75003315 0.19790956
3.2439131 0.81260239 0.072904837
3.1226579 0.87505309 0.20160584
3.2402378 0.87518962 -0.052122532
3.2439227 0.93764565 0.072972399
3.11553 1.0002588 -0.048414908
3.251238 0.81247818 0.32294276
3.4896904 0.62506062 -0.059791328
3.4935688 0.68755667 0.065277845
3.3649569 0.7501232 -0.05591749
3.4974366 0.75002988 0.19032782
3.4935699 0.81259565 0.065325699
3.3725148 0.87504875 0.19422836
3.4896901 0.87517992 -0.059699071
3.4935736 0.93763727 0.065392522
3.3649665 1.0002445 -0.055790847
3.5013029 0.81247844 0.31535903
3.2585191 0.43753089 0.57280182
3.2585282 0.3125924 0.57282665
3.1368213 0.37509056 0.70136751
3.2621723 0.5 0.69772618
3.2585191 0.56246911 0.57280182
3.1368213 0.62490944 0.70136751
3.2585282 0.6874076 0.57282665
3.2658347 0.56244215 0.82263015
3.2658347 0.43755785 0.82263015
3.1439322 0.5 0.95112726
3.5089941 0.43752938 0.56522611
3.509002 0.31258749 0.56524882
3.3875243 0.37508645 0.69400442
3.5128587 0.5 0.69015739
3.5089941 0.56247062 0.56522611
3.3875243 0.62491355 0.69400442
3.509002 0.68741251 0.56524882
3.5167346 0.56244405 0.81506691
3.5167346 0.43755595 0.81506691
3.395063 0.5 0.94377614
3.7391601 0.12480982 -0.067657011
3.7432466 0.18739878 0.057361044
3.7432241 0.062358146 0.057438675
3.6144179 -0.00023993028 -0.063560595
3.6144315 0.24987842 -0.063690189
3.6223762 0.12495436 0.1864503
3.7473151 0.2499677 0.18235173
3.7432582 0.31243609 0.057306812
3.6223707 0.37498498 0.18634864
3.739185 0.37493026 -0.067757251
3.7432602 0.43747786 0.057278761
3.6144358 0.5 -0.063739457
3.7513564 0.31250984 0.30732681
3.7513679 0.18751936 0.30738124
3.6302792 0.25006268 0.43636849
3.9886334 0.12463809 -0.076044701
3.9929607 0.18730152 0.049008758
3.9928574 0.062208955 0.049121514
3.8638148 -0.00029225845 -0.071682184
3.8639283 0.24982965 -0.071838366
3.8722454 0.12494527 0.17830177
3.9972073 0.2499353 0.17402846
3.9929758 0.31238806 0.048934147
3.8722643 0.37497667 0.17817306
3.9886391 0.37488736 -0.076200982
3.9929745 0.43746401 0.048894968
3.8639226 0.5 -0.07189904
4.001418 0.31252483 0.29900894
4.0014366 0.18753791 0.29908666
3.8805348 0.2500604 0.42820743
3.7553859 0.62497355 0.43228951
3.7513474 0.56249746 0.30729646
3.7513564 0.68749016 0.30732681
3.6302792 0.74993732 0.43636849
3.6302622 0.5 0.43632001
3.6223707 0.62501502 0.18634864
3.7473138 0.5 0.18229308
3.7513474 0.43750254 0.30729646
3.7553859 0.37502645 0.43228951
3.7432602 0.56252214 0.057278761
4.0056128 0.62493451 0.42394501
4.0014039 0.56249094 0.29897391
4.001418 0.68747517 0.29900894
3.8805348 0.7499396 0.42820743
3.8804798 0.5 0.42813166
3.8722643 0.62502333 0.17817306
3.9972036 0.5 0.17395671
4.0014039 0.43750906 0.29897391
4.0056128 0.37506549 0.42394501
3.9929745 0.56253599 0.048894968
3.739185 0.62506974 -0.067757251
3.7432582 0.68756391 0.057306812
3.6144315 0.75012158 -0.063690189
3.7473151 0.7500323 0.18235173
3.7432466 0.81260122 0.057361044
3.6223762 0.87504564 0.1864503
3.7391601 0.87519018 -0.067657011
3.7432241 0.93764185 0.057438675
3.6144179 1.0002399 -0.063560595
3.7513679 0.81248064 0.30738124
3.7594266 0.43752327 0.55723971
3.75944 0.31257548 0.55726465
3.6381888 0.37508222 0.68623069
3.7635028 0.5 0.68217686
3.7594266 0.56247673 0.55723971
3.6381888 0.62491778 0.68623069
3.75944 0.68742452 0.55726465
3.767615 0.5624425 0.80709379
3.767615 0.4375575 0.80709379
3.6461682 0.5 0.93601265
4.0098182 0.43755607 0.54883251
4.0099158 0.31266696 0.54887919
3.8888173 0.37506096 0.67802765
4.0140744 0.5 0.6736681
4.0098182 0.56244393 0.54883251
3.8888173 0.62493904 0.67802765
4.0099158 0.68733304 0.54887919
4.0184983 0.5623979 0.7984671
4.0184983 0.4376021 0.7984671
3.8973821 0.5 0.9277928
4.2661708 0.62364923 0.40493361
4.2540373 0.56235098 0.28051013
4.2542811 0.68704316 0.28113337
4.1363437 0.74761899 0.41743515
4.135406 0.5 0.41669656
4.1198327 0.62535094 0.16729945
4.2420777 0.5 0.15525865
4.2540373 0.43764902 0.28051013
4.1198327 0.37464906 0.16729945
4.2661708 0.37635077 0.40493361
4.2542811 0.31295684 0.28113337
4.1363437 0.25238101 0.41743515
4.2781864 0.43878162 0.52798654
4.278847 0.31614673 0.52873869
4.1527497 0.37875558 0.66342963
4.2908393 0.5 0.65022327
4.2781864 0.56121838 0.52798654
4.1527497 0.62124442 0.66342963
4.278847 0.68385327 0.52873869
4.3045447 0.56034972 0.77153407
4.3045447 0.43965028 0.77153407
4.173049 0.5 0.90511645
2.118064 0.12476209 -0.023534892
2.1206798 0.18737041 0.10149873
2.1206897 0.062316982 0.10158253
2.1232815 0.24995679 0.22650416
2.1206725 0.31242263 0.10143973
2.1180531 0.3749195 -0.023650984
2.1206687 0.43747426 0.10140953
2.1258735 0.31251525 0.35148335
2.1258862 0.18752561 0.3515449
2.3673842 0.12477221 -0.029046926
2.3702549 0.18737592 0.095985271
2.3702649 0.062324768 0.096065497
2.3731116 0.24995862 0.22099046
2.3702476 0.31242592 0.095928785
2.3673732 0.37492293 -0.029158072
2.3702438 0.43747536 0.095899876
2.3759584 0.3125146 0.34597055
2.3759712 0.18752452 0.34602947
2.1284602 0.62495717 0.47643714
2.125867 0.56249491 0.35145262
2.1258735 0.68748475 0.35148335
2.1232716 0.5 0.22644377
2.125867 0.43750509 0.35145262
2.1284602 0.37504283 0.47643714
2.1206687 0.56252574 0.10140953
2.3788001 0.624959 0.47092631
2.375952 0.56249512 0.34594114
2.3759584 0.6874854 0.34597055
2.3731016 0.5 0.22093266
2.375952 0.43750488 0.34594114
2.3788001 0.375041 0.47092631
2.3702438 0.56252464 0.095899876
2.1180531 0.6250805 -0.023650984
2.1206725 0.68757737 0.10143973
2.1232815 0.75004321 0.22650416
2.1206798 0.81262959 0.10149873
2.118064 0.87523791 -0.023534892
2.1206897 0.93768302 0.10158253
2.1258862 0.81247439 0.3515449
2.3673732 0.62507707 -0.029158072
2.3702476 0.68757408 0.095928785
2.3731116 0.75004138 0.22099046
2.3702549 0.81262408 0.095985271
2.3673842 0.87522779 -0.029046926
2.3702649 0.93767523 0.096065497
2.3759712 0.81247548 0.34602947
2.1310467 0.43753794 0.60136629
2.1310564 0.31261384 0.60139803
2.133638 0.5 0.7262714
2.1310467 0.56246206 0.60136629
2.1310564 0.68738616 0.60139803
2.1362393 0.56242886 0.85115263
2.1362393 0.43757114 0.85115263
2.3816415 0.43753633 0.59585848
2.3816513 0.31260899 0.59588886
2.3844878 0.5 0.72076763
2.3816415 0.56246367 0.59585848
2.3816513 0.68739101 0.59588886
2.3873439 0.56243189 0.84565392
2.3873439 0.43756811 0.84565392
2.616734 0.12478244 -0.035057846
2.6198485 0.1873815 0.089972943
2.6198586 0.062332632 0.09004956
2.6229491 0.2499605 0.21497794
2.6198412 0.31242926 0.089919005
2.6167229 0.37492641 -0.035163997
2.6198373 0.43747647 0.089891404
2.6260397 0.31251397 0.33995896
2.6260526 0.18752345 0.34001521
2.8661133 0.12479304 -0.041545681
2.8694606 0.18738737 0.083483755
2.8694709 0.062340794 0.08355667
2.8727939 0.24996257 0.20848865
2.8694533 0.31243282 0.083432428
2.8661022 0.37493007 -0.041646718
2.8694495 0.43747767 0.083406165
2.8761172 0.31251344 0.33347077
2.8761301 0.18752249 0.33352422
2.6291252 0.62496081 0.46491676
2.6260333 0.56249533 0.3399309
2.6260397 0.68748603 0.33995896
2.6229391 0.5 0.21492276
2.6260333 0.43750467 0.3399309
2.6291252 0.37503919 0.46491676
2.6198373 0.56252353 0.089891404
2.8794354 0.62496258 0.45843079
2.8761107 0.5624955 0.3334441
2.8761172 0.68748656 0.33347077
2.8727839 0.5 0.20843618
2.8761107 0.4375045 0.3334441
2.8794354 0.37503742 0.45843079
2.8694495 0.56252233 0.083406165
2.6167229 0.62507359 -0.035163997
2.6198412 0.68757074 0.089919005
2.6229491 0.7500395 0.21497794
2.6198485 0.8126185 0.089972943
2.616734 0.87521756 -0.035057846
2.6198586 0.93766737 0.09004956
2.6260526 0.81247655 0.34001521
2.8661022 0.62506993 -0.041646718
2.8694533 0.68756718 0.083432428
2.8727939 0.75003743 0.20848865
2.8694606 0.81261263 0.083483755
2.8661133 0.87520696 -0.041545681
2.8694709 0.93765921 0.08355667
2.8761301 0.81247751 0.33352422
2.6322105 0.43753471 0.589852
2.6322202 0.31260415 0.58988099
2.6353005 0.5 0.71476522
2.6322105 0.56246529 0.589852
2.6322202 0.68739585 0.58988099
2.6384004 0.56243492 0.83965656
2.6384004 0.43756508 0.83965656
2.8827535 0.43753312 0.58336927
2.8827632 0.31259935 0.58339678
2.8860764 0.5 0.70828664
2.8827535 0.56246688 0.58336927
2.8827632 0.68740065 0.58339678
2.8894091 0.56243792 0.83318305
2.8894091 0.43756208 0.83318305
3.1155222 0.12480445 -0.048488206
3.1190911 0.18739396 0.076539914
3.1191013 0.062349642 0.076609106
3.1226457 0.2499652 0.2015448
3.1190842 0.31243693 0.076491144
3.115512 0.37493412 -0.048584122
3.1190808 0.43747907 0.076466161
3.1261905 0.31251326 0.32652822
3.1262034 0.18752189 0.32657876
3.3649607 0.12481597 -0.055860904
3.3687394 0.1874013 0.069165447
3.3687472 0.062358959 0.069231962
3.3725043 0.24996863 0.19416949
3.3687351 0.31244158 0.069118179
3.3649551 0.37493821 -0.055953096
3.3687332 0.43748065 0.069093829
3.3762588 0.31251357 0.3191534
3.3762711 0.18752181 0.31920184
3.1297304 0.62496418 0.45149082
3.1261842 0.56249552 0.32650294
3.1261905 0.68748674 0.32652822
3.1226362 0.5 0.20149493
3.1261842 0.43750448 0.32650294
3.1297304 0.37503582 0.45149082
3.1190808 0.56252093 0.076466161
3.3800087 0.62496557 0.44411864
3.3762532 0.56249537 0.31912901
3.3762588 0.68748643 0.3191534
3.372497 0.5 0.19412089
3.3762532 0.43750463 0.31912901
3.3800087 0.37503443 0.44411864
3.3687332 0.56251935 0.069093829
3.115512 0.62506588 -0.048584122
3.1190842 0.68756307 0.076491144
3.1226457 0.7500348 0.2015448
3.1190911 0.81260604 0.076539914
3.1155222 0.87519555 -0.048488206
3.1191013 0.93765036 0.076609106
3.1262034 0.81247811 0.32657876
3.3649551 0.62506179 -0.055953096
3.3687351 0.68755842 0.069118179
3.3725043 0.75003137 0.19416949
3.3687394 0.8125987 0.069165447
3.3649607 0.87518403 -0.055860904
3.3687472 0.93764104 0.069231962
3.3762711 0.81247819 0.31920184
3.1332706 0.4375316 0.57643298
3.13328 0.31259467 0.57645879
3.1368159 0.5 0.7013548
3.1332706 0.5624684 0.57643298
3.13328 0.68740533 0.57645879
3.1403707 0.56244082 0.82625624
3.1403707 0.43755918 0.82625624
3.3837606 0.4375302 0.5690655
3.3837692 0.31259011 0.56908926
3.3875199 0.5 0.6939929
3.3837606 0.5624698 0.5690655
3.3837692 0.68740989 0.56908926
3.3912888 0.56244331 0.8188995
3.3912888 0.43755669 0.8188995
3.6144245 0.12481986 -0.063632086
3.6184048 0.18740502 0.061389823
3.6184 0.062363964 0.061459452
3.6223726 0.24997037 0.18638783
3.6184091 0.31244287 0.061339596
3.6144351 0.37493807 -0.063726935
3.6184106 0.43748073 0.061313652
3.6263236 0.31251229 0.311367
3.6263347 0.18752059 0.31141734
3.8638998 0.1247653 -0.071771376
3.8681044 0.18737104 0.053233911
3.8680479 0.062333887 0.053322105
3.872264 0.2499582 0.17822338
3.8681203 0.31241677 0.053173169
3.863926 0.37491104 -0.07188318
3.8681203 0.43747146 0.053141236
3.8763876 0.31251046 0.30319895
3.876402 0.18752119 0.30326469
3.6302667 0.62496881 0.43633231
3.6263178 0.56249612 0.31134095
3.6263236 0.68748771 0.311367
3.6223698 0.5 0.18633526
3.6263178 0.43750388 0.31134095
3.6302667 0.37503119 0.43633231
3.6184106 0.56251927 0.061313652
3.8804967 0.62497111 0.42815362
3.8763743 0.56249697 0.30316144
3.8763876 0.68748954 0.30319895
3.8722623 0.5 0.17815587
3.8763743 0.43750303 0.30316144
3.8804967 0.37502889 0.42815362
3.8681203 0.56252854 0.053141236
3.6144351 0.62506193 -0.063726935
3.6184091 0.68755713 0.061339596
3.6223726 0.75002963 0.18638783
3.6184048 0.81259498 0.061389823
3.6144245 0.87518014 -0.063632086
3.6184 0.93763604 0.061459452
3.6263347 0.81247941 0.31141734
3.6342174 0.437528 0.56128457
3.6342249 0.3125832 0.56130697
3.6381876 0.5 0.68622036
3.6342174 0.562472 0.56128457
3.6342249 0.6874168 0.56130697
3.6421751 0.56244454 0.81113331
3.6421751 0.43755546 0.81113331
3.8846169 0.43752135 0.55308563
3.8846635 0.31256976 0.55312808
3.888787 0.5 0.67800095
3.8846169 0.56247865 0.55308563
3.8846635 0.68743024 0.55312808
3.8930474 0.56245491 0.80291392
3.8930474 0.43754509 0.80291392
4.1355226 0.62402199 0.41682418
4.1276404 0.56240312 0.29227898
4.1277623 0.68717625 0.29262411
4.1198037 0.5 0.16712789
4.1276404 0.43759688 0.29227898
4.1355226 0.37597801 0.41682418
4.1277623 0.31282375 0.29262411
4.1433509 0.43850106 0.54053209
4.1445147 0.31596961 0.54071624
4.1514887 0.5 0.66360777
4.1433509 0.56149894 0.54053209
4.1445147 0.68403039 0.54071624
4.1613376 0.55970967 0.78531227
4.1613376 0.44029033 0.78531227
