FiniteElementSpace
FiniteElementCollection: H1_3D_P1
VDim: 3
Ordering: 1

0.1523617 0.0053464967 0.6326134
0.18783455 0.0026912356 1.1613176
0.19971751 -0.0011544813 1.7632937
0.1523617 -0.0053464967 0.6326134
0.18783455 -0.0026912356 1.1613176
0.19971751 0.0011544814 1.7632937
-0.30427834 7.0370862e-11 0.64208286
-0.37521461 -2.8081487e-11 1.1660928
-0.39863177 3.373785e-11 1.7610519
0.15335016 -1.0611744e-11 0.63635717
-0.076590273 0.0014617096 0.6337952
-0.076590273 -0.0014617095 0.6337952
0.18881789 2.3766252e-12 1.1632065
-0.094328466 0.00072977405 1.1619338
-0.094328466 -0.00072977406 1.1619338
0.17305131 0.0040104477 0.8836761
0.17305131 -0.0040104478 0.8836761
-0.34565984 3.3104418e-11 0.89078039
0.20146932 4.5540416e-11 1.7625316
-0.10055735 0.0007388423 1.7607619
-0.10055735 -0.00073884234 1.7607619
0.19668136 0.0013985144 1.4566824
0.19668136 -0.0013985143 1.4566824
-0.39276334 -2.2547413e-11 1.4591309
0.17403749 -4.8257137e-11 0.88648473
-0.086934049 0.0010963298 0.88456343
-0.086934049 -0.0010963298 0.88456343
0.19785261 3.905185e-11 1.4576927
-0.09884901 0.00035087878 1.4571026
-0.09884901 -0.00035087881 1.4571026
0.15305599 0.0027242287 0.63533934
0.037770397 0.00036459145 0.6342282
0.03680035 0.0011109088 0.63219904
-0.075785893 3.1743435e-11 0.63486522
0.037770397 -0.00036459144 0.6342282
0.15305599 -0.0027242287 0.63533934
0.03680035 -0.0011109088 0.63219904
-0.18961944 0.0018535994 0.6371539
-0.18961944 -0.0018535993 0.6371539
0.17374404 0.0020435802 0.88572105
0.042942775 0.00027345287 0.8848882
0.041974055 0.00083326559 0.88336556
0.16344522 0.0046782029 0.75426609
0.16443296 -4.6007726e-11 0.75754195
-0.082131611 -0.0012790059 0.75530021
-0.08613008 6.1094097e-12 0.88536648
0.042942775 -0.0002734529 0.8848882
-0.082131611 0.001279006 0.75530021
0.17374404 -0.0020435803 0.88572105
0.041974055 -0.00083326563 0.88336556
0.16344522 -0.004678203 0.75426609
-0.21548172 0.0013902207 0.8870833
-0.21548172 -0.0013902206 0.8870833
-0.32644656 1.1945462e-11 0.76255202
0.18852055 0.0013766558 1.1626922
0.046636052 0.00018618386 1.1621449
0.045672401 0.00056197716 1.1611185
0.18118086 0.0033458642 1.0197318
0.18216388 -2.8922716e-11 1.0220762
-0.090998299 -0.000913497 1.0204767
-0.093523331 -3.323906e-12 1.1624768
0.046636052 -0.00018618386 1.1621449
-0.090998299 0.000913497 1.0204767
0.18852055 -0.0013766558 1.1626922
0.045672401 -0.00056197717 1.1611185
0.18118086 -0.0033458642 1.0197318
-0.23395402 0.00092567137 1.1636278
-0.23395402 -0.00092567139 1.1636278
-0.36191822 3.3665622e-12 1.0256619
0.19748289 0.00073357002 1.4574189
0.048838269 0.00011146985 1.4571589
0.047771991 0.00029829231 1.4566345
0.1930078 0.0020535587 1.3073211
0.19402491 2.5942613e-11 1.3087708
-0.096937382 -0.00054318832 1.3078356
-0.097990673 -1.8666277e-11 1.4573659
0.048838269 -0.00011146983 1.4571589
-0.096937382 0.00054318829 1.3078356
0.19748289 -0.00073356994 1.4574189
0.047771991 -0.0002982923 1.4566345
0.1930078 -0.0020535586 1.3073211
-0.24497559 0.00045128175 1.4579413
-0.24497559 -0.0004512818 1.4579413
-0.38551827 -4.4535188e-11 1.3109651
0.20109189 -0.0008194655 1.7627849
0.049512201 -0.00048328112 1.7614384
0.047795837 -0.0011392957 1.7621589
0.19886265 0.00049166211 1.6086096
0.20039193 4.0506552e-11 1.6090143
-0.10007636 -0.00018429582 1.6086421
-0.099367782 -2.1498505e-11 1.7603996
0.049512201 0.00048328114 1.7614384
-0.10007636 0.00018429579 1.6086421
0.20109189 0.00081946558 1.7627849
0.047795837 0.0011392957 1.7621589
0.19886265 -0.00049166203 1.6086096
-0.24845999 0.00016972788 1.760475
-0.24845999 -0.00016972791 1.760475
-0.39698842 5.1716026e-11 1.6093518
0.16413911 0.0023837093 0.75665132
0.040541339 0.00031900616 0.75567911
0.039571659 0.00097203324 0.75390354
-0.0813274 1.3648718e-11 0.75623652
0.040541339 -0.00031900618 0.75567911
0.16413911 -0.0023837094 0.75665132
0.039571659 -0.00097203327 0.75390354
-0.20347413 0.0016219045 0.75823914
-0.20347413 -0.0016219044 0.75823914
0.18187046 0.0017059848 1.0214385
0.044974514 0.00022854919 1.0207465
0.044008276 0.00069562669 1.0194746
-0.090194542 1.2960479e-12 1.0211481
0.044974514 -0.00022854923 1.0207465
0.18187046 -0.0017059849 1.0214385
0.044008276 -0.00069562672 1.0194746
-0.22564225 0.0011583603 1.0225803
-0.22564225 -0.0011583603 1.0225803
0.19370797 0.0010620491 1.3083754
0.047926058 0.00014927099 1.3079775
0.046949857 0.00043544044 1.3071914
-0.096122132 -1.0348763e-11 1.3082517
0.047926058 -0.00014927098 1.3079775
0.19370797 -0.001062049 1.3083754
0.046949857 -0.00043544043 1.3071914
-0.24040841 0.00069064447 1.3091246
-0.24040841 -0.00069064453 1.3091246
0.19997431 0.00019231372 1.6089209
0.049345055 -6.5255848e-07 1.6086744
0.047964144 1.0704882e-05 1.6085696
-0.099065047 -1.8495782e-11 1.6086319
0.049345055 6.5257673e-07 1.6086744
0.19997431 -0.00019231364 1.6089209
0.047964144 -1.0704864e-05 1.6085696
-0.24759393 0.00020293641 1.6088331
-0.24759393 -0.00020293643 1.6088331
0.15272784 0.004048901 0.63412396
0.094713942 0.0022053675 0.63355152
0.09421675 0.003114765 0.63212535
0.16381122 0.0035427978 0.75558784
0.1016412 0.0019296882 0.75508697
0.10114419 0.0027254201 0.75383904
0.15808818 0.0050123399 0.69240073
0.15878228 0.002553966 0.69495629
0.038232176 0.0010414782 0.69201227
0.037399329 0.00073516314 0.63345909
0.095077315 0.0013165951 0.63455574
0.040170481 0.00064324932 0.7550061
0.1020043 0.0011520145 0.75596569
0.039202051 0.00034180681 0.6939146
0.15327422 0.0013698591 0.63609977
0.095268005 0.00043794479 0.63506971
0.1643571 0.0011986339 0.75731671
0.10219481 0.00038319973 0.75641544
0.15907629 -3.2492861e-11 0.69591051
-0.019423377 -0.00025979485 0.63381303
-0.020061746 -0.00043606609 0.63276553
-0.020808443 -0.00022733669 0.75531582
-0.021446678 -0.00038157284 0.75439923
-0.079453301 -0.0013703515 0.69350866
0.17341667 0.0030371474 0.88480927
0.10764498 0.0016542302 0.88438011
0.10714863 0.0023363805 0.88331014
0.1684329 0.0043441677 0.81807082
0.16912639 0.0022135238 0.8202858
0.040818913 0.00090260279 0.81773421
0.042572324 0.00055138367 0.884311
0.10800754 0.00098760111 0.88513361
0.041788252 0.00029620615 0.81938318
0.17396173 0.0010276495 0.88629159
0.10819777 0.00032852054 0.8855193
0.16942005 -4.9359252e-11 0.8211129
-0.022008762 -0.00019489964 0.88457678
-0.022646626 -0.00032708479 0.88379073
-0.084625185 -0.0011876694 0.81903132
-0.07598737 0.00072902104 0.63459931
-0.019101051 8.6770761e-05 0.63433593
-0.019423377 0.00025979488 0.63381303
-0.081528824 0.00063790115 0.75600384
-0.02048624 7.5930708e-05 0.75577338
-0.020808443 0.0002273367 0.75531582
-0.079453301 0.0013703515 0.69350866
-0.078649005 2.0797168e-11 0.69451179
0.039202051 -0.00034180683 0.6939146
0.037896101 8.557156e-12 0.63448678
-0.019101051 -8.6770726e-05 0.63433593
0.040666955 -1.2176051e-11 0.75590538
-0.02048624 -7.5930704e-05 0.75577338
-0.07598737 -0.00072902098 0.63459931
-0.081528824 -0.00063790112 0.75600384
0.095268005 -0.00043794479 0.63506971
0.10219481 -0.00038319979 0.75641544
-0.08633144 0.00054679737 0.8851669
-0.02168678 6.5096606e-05 0.88496925
-0.022008762 0.00019489963 0.88457678
-0.084625185 0.0011876694 0.81903132
-0.083821081 8.3896415e-12 0.8199009
0.041788252 -0.00029620618 0.81938318
0.043068249 -1.928886e-11 0.88508227
-0.02168678 -6.5096618e-05 0.88496925
-0.08633144 -0.00054679736 0.8851669
0.10819777 -0.00032852061 0.8855193
0.15327422 -0.0013698591 0.63609977
0.095077315 -0.0013165951 0.63455574
0.1643571 -0.001198634 0.75731671
0.1020043 -0.0011520145 0.75596569
0.15878228 -0.0025539661 0.69495629
0.037399329 -0.00073516313 0.63345909
0.094713942 -0.0022053675 0.63355152
0.040170481 -0.00064324934 0.7550061
0.1016412 -0.0019296883 0.75508697
0.038232176 -0.0010414782 0.69201227
0.15272784 -0.004048901 0.63412396
0.09421675 -0.003114765 0.63212535
0.16381122 -0.0035427979 0.75558784
0.10114419 -0.0027254202 0.75383904
0.15808818 -0.00501234 0.69240073
-0.020061746 0.00043606613 0.63276553
-0.021446678 0.00038157284 0.75439923
0.17396173 -0.0010276496 0.88629159
0.10800754 -0.00098760118 0.88513361
0.16912639 -0.0022135239 0.8202858
0.042572324 -0.00055138371 0.884311
0.10764498 -0.0016542303 0.88438011
0.040818913 -0.00090260282 0.81773421
0.17341667 -0.0030371475 0.88480927
0.10714863 -0.0023363806 0.88331014
0.1684329 -0.0043441679 0.81807082
-0.022646626 0.00032708479 0.88379073
-0.13253953 -0.00064583514 0.63580505
-0.13302616 -0.0019377209 0.63526493
-0.14223756 -0.00056510763 0.75705889
-0.14272409 -0.0016955108 0.75658627
-0.19677769 -0.0017377469 0.69665743
-0.18933277 5.0848081e-11 0.63742011
-0.13253953 0.00064583522 0.63580505
-0.20318754 2.2957338e-11 0.75847208
-0.14223756 0.00056510767 0.75705889
-0.19677769 0.001737747 0.69665743
-0.13302616 0.0019377209 0.63526493
-0.14272409 0.0016955109 0.75658627
-0.2466224 0.001210966 0.63944182
-0.2466224 -0.0012109659 0.63944182
-0.26463392 0.0010596018 0.76024108
-0.26463392 -0.0010596018 0.76024108
-0.3157319 2.7695044e-11 0.70127832
-0.15064258 -0.00048437945 0.88607156
-0.15112907 -0.0014533118 0.88566621
-0.2097088 -0.0015060668 0.82176055
-0.21519513 2.0129131e-11 0.88728308
-0.15064258 0.00048437948 0.88607156
-0.2097088 0.0015060669 0.82176055
-0.15112907 0.0014533119 0.88566621
-0.2802443 0.00090826623 0.88879946
-0.2802443 -0.00090826617 0.88879946
-0.3364225 2.5866822e-11 0.82576549
0.181544 0.0025344846 1.0206774
0.11272556 0.0013806889 1.0203206
0.11223136 0.0019494368 1.0194275
0.17730058 0.0036774509 0.95094287
0.17799204 0.0018742108 0.95281825
0.043037179 0.0007641802 0.9506587
0.044604802 0.00046053899 1.0202642
0.11308714 0.00082463794 1.0209499
0.044004878 0.00025084197 0.95205553
0.18208805 0.00085815611 1.0219149
0.11327711 0.00027438976 1.0212721
0.17828533 -4.2886905e-11 0.95351874
-0.023024893 -0.0001620182 1.0204874
-0.023661735 -0.00027214161 1.0198306
-0.089058319 -0.0010049589 0.95175805
0.18819332 0.0020416144 1.162079
0.11688284 0.0011137948 1.1617965
0.11639254 0.0015692986 1.1610768
0.18469224 0.0030167073 1.0899033
0.18537964 0.001539767 1.0914428
0.044887031 0.00062803983 1.0896742
0.046265962 0.00037368336 1.1617556
0.11724493 0.000666709 1.1623039
0.045851608 0.00020686194 1.0908225
0.18874076 0.00069344756 1.1630764
0.11743633 0.00022214439 1.1625638
0.18567406 -1.5418242e-11 1.0920183
-0.023860263 -0.00012708771 1.1619402
-0.024495873 -0.00021524958 1.1614095
-0.092754624 -0.00082183226 1.0905813
-0.090395895 0.00045551395 1.0209812
-0.022703253 5.4070524e-05 1.0208155
-0.023024893 0.00016201818 1.0204874
-0.089058319 0.0010049589 0.95175805
-0.088254496 3.004872e-12 0.95249493
0.044004878 -0.00025084201 0.95205553
0.045099817 -1.8650616e-11 1.0209087
-0.022703253 -5.4070542e-05 1.0208155
-0.090395895 -0.00045551395 1.0209812
0.11327711 -0.00027438981 1.0212721
-0.093725282 0.00036332533 1.1623418
-0.023538115 4.2178385e-05 1.1622053
-0.023860263 0.00012708771 1.1619402
-0.092754624 0.00082183226 1.0905813
-0.091950609 -1.0241457e-12 1.0911879
0.045851608 -0.00020686196 1.0908225
0.046761899 2.3886991e-16 1.1622758
-0.023538115 -4.2178392e-05 1.1622053
-0.093725282 -0.00036332534 1.1623418
0.11743633 -0.00022214439 1.1625638
0.18208805 -0.00085815617 1.0219149
0.11308714 -0.00082463799 1.0209499
0.17799204 -0.0018742109 0.95281825
0.044604802 -0.00046053903 1.0202642
0.11272556 -0.0013806889 1.0203206
0.043037179 -0.00076418024 0.9506587
0.181544 -0.0025344847 1.0206774
0.11223136 -0.0019494368 1.0194275
0.17730058 -0.003677451 0.95094287
-0.023661735 0.0002721416 1.0198306
0.18874076 -0.00069344755 1.1630764
0.11724493 -0.000666709 1.1623039
0.18537964 -0.0015397671 1.0914428
0.046265962 -0.00037368336 1.1617556
0.11688284 -0.0011137948 1.1617965
0.044887031 -0.00062803985 1.0896742
0.18819332 -0.0020416144 1.162079
0.11639254 -0.0015692986 1.1610768
0.18469224 -0.0030167073 1.0899033
-0.024495873 0.00021524957 1.1614095
-0.15775484 -0.00040356304 1.0217367
-0.15824171 -0.001210979 1.0213979
-0.2207929 -0.0012743371 0.95406922
-0.22535521 9.0120206e-12 1.0227473
-0.15775484 0.00040356305 1.0217367
-0.2207929 0.0012743372 0.95406922
-0.15824171 0.001210979 1.0213979
-0.29345309 0.00075681086 1.0240111
-0.29345309 -0.00075681084 1.0240111
-0.35415854 2.0158106e-11 0.95745853
-0.16357507 -0.00032236464 1.1629516
-0.16406407 -0.00096796409 1.1626776
-0.2300295 -0.0010421911 1.092479
-0.23366498 -6.6932968e-12 1.1637626
-0.16357507 0.00032236463 1.1629516
-0.2300295 0.0010421911 1.092479
-0.16406407 0.00096796408 1.1626776
-0.3042548 0.0006046634 1.1647735
-0.3042548 -0.00060466344 1.1647735
-0.36893775 -1.6017043e-11 1.0952526
0.19336749 0.0015664752 1.3079046
0.12011414 0.00085924486 1.3076997
0.11962163 0.0012005284 1.3071484
0.19060702 0.002370427 1.2338358
0.19129527 0.0012175724 1.2350486
0.046361824 0.0004978915 1.2336696
0.047546421 0.00029527668 1.3076801
0.12048838 0.00051813591 1.3080882
0.047327661 0.00016694448 1.2345756
0.1939421 0.00053697556 1.3086707
0.1206893 0.00017334948 1.3082872
0.19159926 1.8226521e-11 1.2355029
-0.024526419 -8.6872542e-05 1.3078333
-0.025166993 -0.00015392501 1.3074256
-0.095721768 -0.00063702812 1.2343972
0.19708818 0.0010774958 1.4570895
0.12240753 0.00059380017 1.4569601
0.12186755 0.00081461871 1.4565808
0.19503371 0.0017350443 1.3816426
0.19576622 0.00090544855 1.3825402
0.047426022 0.00037183139 1.3815533
0.048414401 0.00021423812 1.4569646
0.12283408 0.00036131749 1.4572236
0.048430327 0.00013214201 1.3822156
0.19775607 0.00037082399 1.4576238
0.12306598 0.00012122191 1.4573567
0.19610501 3.706677e-11 1.3828767
-0.025049789 -4.2706793e-05 1.4570851
-0.025731939 -9.3323107e-05 1.4568163
-0.09797879 -0.0004478029 1.3821148
-0.096327427 0.00026843182 1.3081488
-0.024197789 2.8062142e-05 1.3080356
-0.024526419 8.6872534e-05 1.3078333
-0.095721769 0.0006370281 1.2343972
-0.094913567 -7.3412373e-12 1.2348772
0.047327661 -0.00016694448 1.2345756
0.048056415 5.8286921e-12 1.3080773
-0.024197789 -2.8062149e-05 1.3080356
-0.096327427 -0.00026843184 1.3081488
0.1206893 -0.00017334945 1.3082872
-0.098208718 0.00016850573 1.4573032
-0.024691145 1.209221e-05 1.4572121
-0.025049789 4.2706781e-05 1.4570851
-0.09797879 0.00044780287 1.3821148
-0.097148918 -1.5089616e-11 1.3824619
0.048430327 -0.000132142 1.3822156
0.048985726 7.2550777e-12 1.4572229
-0.024691145 -1.2092222e-05 1.4572121
-0.098208718 -0.00016850576 1.4573032
0.12306598 -0.00012122186 1.4573567
0.1939421 -0.00053697551 1.3086707
0.12048838 -0.00051813588 1.3080882
0.19129527 -0.0012175723 1.2350486
0.047546421 -0.00029527666 1.3076801
0.12011414 -0.00085924482 1.3076997
0.046361824 -0.0004978915 1.2336696
0.19336749 -0.0015664752 1.3079046
0.11962163 -0.0012005284 1.3071484
0.19060702 -0.002370427 1.2338358
-0.025166993 0.00015392499 1.3074256
0.19775607 -0.00037082391 1.4576238
0.12283408 -0.00036131745 1.4572236
0.19576622 -0.00090544847 1.3825402
0.048414401 -0.00021423811 1.4569646
0.12240753 -0.00059380012 1.4569601
0.047426022 -0.00037183138 1.3815533
0.19708818 -0.0010774957 1.4570895
0.12186755 -0.00081461867 1.4565808
0.19503371 -0.0017350442 1.3816426
-0.025731939 9.3323091e-05 1.4568163
-0.16810314 -0.00024010059 1.3086158
-0.16859921 -0.00072269191 1.3084061
-0.2374145 -0.00080857804 1.2358893
-0.24011429 -2.6698047e-11 1.309227
-0.16810314 0.00024010055 1.3086158
-0.2374145 0.000808578 1.2358893
-0.16859921 0.00072269187 1.3084061
-0.31262888 0.00045047111 1.3099823
-0.31262888 -0.00045047118 1.3099823
-0.38074401 -3.8178652e-11 1.2380438
-0.17132614 -0.00015546232 1.4576094
-0.17183784 -0.00047102335 1.4574786
-0.24293123 -0.00057162054 1.3831917
-0.24467681 -2.954542e-11 1.4580041
-0.17132614 0.00015546227 1.4576094
-0.24293123 0.00057162047 1.3831917
-0.17183784 0.0004710233 1.4574786
-0.31853287 0.00029358642 1.4584937
-0.31853287 -0.00029358647 1.4584937
-0.38952732 -4.429522e-11 1.3847116
0.19947073 0.00034185869 1.6087861
0.12372965 0.00014307068 1.6086793
0.12299048 0.00022146724 1.6085416
0.19795185 0.0010068821 1.5323495
0.1988776 0.00051454453 1.5329036
0.047960388 0.00019339204 1.5323319
0.048806584 1.0339398e-05 1.6086446
0.12427582 6.690272e-05 1.6087557
0.049145268 7.6126925e-05 1.5326833
0.20028716 8.0774886e-05 1.6089924
0.12455543 1.7987971e-05 1.608789
0.19927998 3.8289798e-11 1.5331022
-0.025444974 -6.1656216e-05 1.6086279
-0.026295973 -0.00011871231 1.6086081
-0.099548689 -0.00025565783 1.5326639
0.20057365 -0.001111104 1.7630783
0.12413679 -0.00097192274 1.7625107
0.12309359 -0.0011316596 1.762955
0.19946033 -0.00025615288 1.6855295
0.20076904 -0.00028898352 1.6854608
0.047820702 -0.00034224828 1.6852776
0.048923969 -0.00091599087 1.7616738
0.12473097 -0.00062155376 1.7622286
0.049446154 -0.00017065104 1.6850114
0.20137722 -0.00043009205 1.7625955
0.12501279 -0.00021260697 1.7620896
0.2011707 4.0938535e-11 1.6854007
-0.025548455 -0.00074309794 1.7609359
-0.026626103 -0.0010026019 1.7613672
-0.10043088 -0.00022603145 1.6848105
-0.099327847 8.2496145e-05 1.608636
-0.024997454 2.0591694e-05 1.6086312
-0.025444974 6.1656203e-05 1.6086279
-0.099548689 0.00025565779 1.5326639
-0.098636721 -1.496097e-11 1.5328133
0.049145268 -7.6126909e-05 1.5326833
0.049527151 8.5794047e-12 1.6086836
-0.024997454 -2.0591715e-05 1.6086312
-0.099327847 -8.2496179e-05 1.608636
0.12455543 -1.798792e-05 1.608789
-0.099647936 0.00047362421 1.7604628
-0.025065544 0.00026195725 1.7607804
-0.025548455 0.00074309792 1.7609359
-0.10043088 0.00022603142 1.6848105
-0.099271088 -1.8989234e-11 1.684603
0.049446154 0.00017065106 1.6850114
0.049700252 1.1981489e-11 1.761365
-0.025065544 -0.00026195727 1.7607804
-0.099647936 -0.00047362426 1.7604628
0.12501279 0.00021260701 1.7620896
0.20028716 -8.0774803e-05 1.6089924
0.12427582 -6.6902671e-05 1.6087557
0.1988776 -0.00051454444 1.5329036
0.048806584 -1.0339382e-05 1.6086446
0.12372965 -0.00014307063 1.6086793
0.047960388 -0.00019339203 1.5323319
0.19947073 -0.00034185861 1.6087861
0.12299048 -0.00022146719 1.6085416
0.19795185 -0.001006882 1.5323495
-0.026295973 0.0001187123 1.6086081
0.20137722 0.00043009215 1.7625955
0.12473097 0.0006215538 1.7622286
0.20076904 0.00028898358 1.6854608
0.048923969 0.0009159909 1.7616738
0.12413679 0.0009719228 1.7625107
0.047820702 0.0003422483 1.6852776
0.20057365 0.0011111041 1.7630783
0.12309359 0.0011316596 1.762955
0.19946033 0.00025615293 1.6855295
-0.026626103 0.0010026019 1.7613672
-0.17317702 -6.5393751e-05 1.6086998
-0.17372824 -0.00020965592 1.6087046
-0.24653168 -0.00032900848 1.5332123
-0.24730401 -1.0193697e-11 1.6088368
-0.17317702 6.5393707e-05 1.6086998
-0.24653168 0.00032900845 1.5332123
-0.17372824 0.00020965587 1.6087046
-0.32195827 0.00014122021 1.6090485
-0.32195827 -0.00014122018 1.6090485
-0.39523372 1.3745307e-11 1.534062
-0.17372721 -0.00019209891 1.7603279
-0.1743807 -0.00042941884 1.7604493
-0.248199 -7.7503757e-05 1.6846359
-0.24811083 -1.9217704e-11 1.7605072
-0.17372721 0.00019209884 1.7603279
-0.248199 7.7503732e-05 1.6846359
-0.1743807 0.00042941878 1.7604493
-0.32311387 3.26293e-05 1.7607855
-0.32311387 -3.262931e-05 1.7607855
-0.39813926 3.2188077e-11 1.6848951
0.15845425 0.003795847 0.69381688
0.098293023 0.0020675353 0.69328021
0.097795909 0.0029200925 0.69194318
0.038831085 0.00068921909 0.69319356
0.098656262 0.0012343104 0.69422166
0.15900039 0.0012842433 0.6956692
0.098846862 0.00041057404 0.69470351
-0.020138998 -0.00024355486 0.69352537
-0.020777305 -0.00040881049 0.69254335
0.1687987 0.0032898306 0.81929823
0.10475851 0.0017918758 0.81883317
0.10426171 0.0025308018 0.8176743
0.041417553 0.00059727999 0.81875814
0.1051214 0.0010697447 0.81964922
0.16934424 0.0011130693 0.82090373
0.10531179 0.000355836 0.82006691
-0.021431692 -0.00021112918 0.81904581
-0.022069798 -0.00035434196 0.81819457
-0.078850456 0.00068345574 0.69426251
-0.019816732 8.1346416e-05 0.69401559
-0.020138998 0.00024355487 0.69352537
0.039327712 -5.692611e-12 0.69415701
-0.019816732 -8.1346398e-05 0.69401559
-0.078850456 -0.0006834557 0.69426251
0.098846862 -0.00041057408 0.69470351
-0.084022474 0.0005923528 0.81968479
-0.021109578 7.0518779e-05 0.81947078
-0.021431692 0.00021112917 0.81904581
0.041913809 -1.4942216e-11 0.81959332
-0.021109578 -7.0518785e-05 0.81947078
-0.084022474 -0.00059235278 0.81968479
0.10531179 -0.00035583606 0.82006691
0.15900039 -0.0012842434 0.6956692
0.098656262 -0.0012343104 0.69422166
0.038831085 -0.0006892191 0.69319356
0.098293023 -0.0020675353 0.69328021
0.15845425 -0.003795847 0.69381688
0.097795909 -0.0029200925 0.69194318
-0.020777305 0.00040881051 0.69254335
0.16934424 -0.0011130694 0.82090373
0.1051214 -0.0010697448 0.81964922
0.041417553 -0.00059728003 0.81875814
0.10475851 -0.0017918759 0.81883317
0.1687987 -0.0032898307 0.81929823
0.10426171 -0.0025308019 0.8176743
-0.022069798 0.00035434195 0.81819457
-0.13755018 -0.00060546979 0.69539289
-0.13803676 -0.0018166119 0.69488653
-0.19649106 3.6329842e-11 0.696907
-0.13755018 0.00060546986 0.69539289
-0.13803676 0.001816612 0.69488653
-0.25592834 0.0011352777 0.69880235
-0.25592834 -0.0011352776 0.69880235
-0.14660169 -0.00052474631 0.82066457
-0.14708818 -0.0015744141 0.82022564
-0.20942223 2.1799531e-11 0.82197688
-0.14660169 0.00052474634 0.82066457
-0.14708818 0.0015744142 0.82022564
-0.27273923 0.00098393459 0.82361957
-0.27273923 -0.00098393455 0.82361957
0.17766511 0.0027851407 0.95198205
0.11030066 0.0015170141 0.95158893
0.10980513 0.0021424341 0.9506076
0.043634776 0.00050571106 0.95152596
0.11066276 0.00090578241 0.95228011
0.17820958 0.00094256843 0.95334157
0.11085281 0.00030132815 0.95263394
-0.022539747 -0.00017857611 0.95177016
-0.023177199 -0.0002997299 0.951049
0.18505336 0.0022862052 1.0907562
0.11491967 0.0012459711 1.0904362
0.11442734 0.0017581 1.0896303
0.045482097 0.00041631941 1.090387
0.115281 0.0007447108 1.0910041
0.18559787 0.00077490918 1.0918727
0.11547123 0.00024790787 1.0912949
-0.02346473 -0.00014498093 1.0905901
-0.024100838 -0.00024409162 1.0899969
-0.088455831 0.00050120467 0.95231177
-0.022217938 5.9633595e-05 0.95213031
-0.022539747 0.00017857609 0.95177016
0.044130253 -1.9724481e-11 0.9522336
-0.022217938 -5.9633608e-05 0.95213031
-0.088455831 -0.00050120466 0.95231177
0.11085281 -0.00030132821 0.95263394
-0.09215211 0.00040961473 1.0910371
-0.023143101 4.8304599e-05 1.0908865
-0.02346473 0.00014498092 1.0905901
0.045976983 -1.3177998e-11 1.0909689
-0.023143101 -4.8304614e-05 1.0908865
-0.09215211 -0.00040961473 1.0910371
0.11547123 -0.00024790789 1.0912949
0.17820958 -0.00094256851 0.95334157
0.11066276 -0.00090578248 0.95228011
0.043634776 -0.0005057111 0.95152596
0.11030066 -0.0015170142 0.95158893
0.17766511 -0.0027851408 0.95198205
0.10980513 -0.0021424341 0.9506076
-0.023177199 0.00029972989 0.951049
0.18559787 -0.00077490922 1.0918727
0.115281 -0.00074471083 1.0910041
0.045482097 -0.00041631942 1.090387
0.11491967 -0.0012459712 1.0904362
0.18505336 -0.0022862052 1.0907562
0.11442734 -0.0017581 1.0896303
-0.024100838 0.00024409161 1.0899969
-0.15436027 -0.00044399357 0.95314162
-0.15484685 -0.0013321817 0.95276967
-0.22050619 2.1983328e-11 0.95425251
-0.15436027 0.0004439936 0.95314162
-0.15484685 0.0013321817 0.95276967
-0.28714903 0.00083257402 0.95564261
-0.28714903 -0.00083257398 0.95564261
-0.1608264 -0.00036304342 1.0917192
-0.16131397 -0.0010896207 1.091413
-0.22974176 -1.9243109e-12 1.0926298
-0.1608264 0.00036304341 1.0917192
-0.16131397 0.0010896207 1.091413
-0.2991556 0.00068088895 1.0937672
-0.2991556 -0.00068088896 1.0937672
0.19096429 0.0018018456 1.2345074
0.11861465 0.0009849831 1.2342632
0.11812529 0.0013836767 1.2336283
0.046954973 0.00033328882 1.2342321
0.1189801 0.00059125757 1.2347109
0.19152015 0.00061426069 1.2353879
0.11917454 0.00019732493 1.2349403
-0.024213236 -0.00010785601 1.2344
-0.024849576 -0.00018524561 1.2339308
0.19540613 0.0013303612 1.3821391
0.12137948 0.00073281006 1.3819733
0.12087365 0.0010152823 1.3815058
0.0480355 0.00025787082 1.3819665
0.12177228 0.00044449297 1.3823017
0.19601628 0.00045868631 1.3827916
0.12198514 0.00014911612 1.3824693
-0.024803754 -6.435481e-05 1.3821056
-0.025456711 -0.00012206052 1.3817623
-0.095116592 0.0003163784 1.2347581
-0.023889254 3.5489634e-05 1.234634
-0.024213236 0.00010785601 1.2344
0.047454883 9.1848676e-12 1.2346911
-0.023889254 -3.548964e-05 1.234634
-0.095116592 -0.00031637841 1.2347581
0.11917454 -0.00019732491 1.2349403
-0.097358641 0.00021914831 1.382377
-0.024465008 1.9956037e-05 1.3822735
-0.024803754 6.4354802e-05 1.3821056
0.048566894 7.9675913e-12 1.3822988
-0.024465008 -1.9956048e-05 1.3822735
-0.097358641 -0.00021914833 1.382377
0.12198514 -0.00014911608 1.3824693
0.19152015 -0.00061426066 1.2353879
0.1189801 -0.00059125755 1.2347109
0.046954973 -0.00033328882 1.2342321
0.11861465 -0.00098498307 1.2342632
0.19096429 -0.0018018456 1.2345074
0.11812529 -0.0013836767 1.2336283
-0.024849576 0.0001852456 1.2339308
0.19601628 -0.00045868622 1.3827916
0.12177227 -0.00044449292 1.3823017
0.0480355 -0.00025787082 1.3819665
0.12137948 -0.00073281002 1.3819733
0.19540613 -0.0013303611 1.3821391
0.12087365 -0.0010152823 1.3815058
-0.025456711 0.00012206051 1.3817623
-0.16600083 -0.00028142715 1.2352965
-0.16649248 -0.00084577693 1.2350543
-0.23712335 -1.7443562e-11 1.2360081
-0.16600083 0.00028142713 1.2352965
-0.16649248 0.00084577691 1.2350543
-0.30874753 0.00052792938 1.2368918
-0.30874753 -0.00052792944 1.2368918
-0.16987999 -0.00019821906 1.3827689
-0.17038272 -0.00059810319 1.3825948
-0.24263392 -3.4247502e-11 1.3832761
-0.16987999 0.00019821901 1.3827689
-0.17038272 0.00059810314 1.3825948
-0.31589254 0.00037220728 1.3839005
-0.31589254 -0.00037220736 1.3839005
0.19843165 0.00077101444 1.5326566
0.12319333 0.00041444361 1.5325534
0.122582 0.00056884285 1.5322769
0.048672872 0.00014585037 1.5325584
0.12367262 0.00024797067 1.5327386
0.19917642 0.00025464459 1.533053
0.12392959 8.1936498e-05 1.5328294
-0.025266795 -3.1442337e-05 1.5326404
-0.026009202 -7.971623e-05 1.5324714
0.20023569 -0.00030674617 1.6855026
0.12401337 -0.00029778324 1.6853275
0.12308057 -0.00030186406 1.6854154
0.048856467 -0.0002888704 1.6851056
0.12460816 -0.00022452947 1.6852433
0.20107172 -0.0001696894 1.6854173
0.12489481 -8.2250211e-05 1.6851992
-0.025544044 -0.00023060506 1.6848438
-0.026554527 -0.0003137408 1.6850451
-0.09887036 0.0001185567 1.5327801
-0.024872645 7.9877055e-06 1.532714
-0.025266795 3.1442322e-05 1.5326404
0.049309243 1.1312894e-11 1.5327232
-0.024872645 -7.9877264e-06 1.532714
-0.09887036 -0.00011855673 1.5327801
0.12392959 -8.1936447e-05 1.5328294
-0.0995638 0.00013249693 1.6846424
-0.025052379 8.7599593e-05 1.6847672
-0.025544044 0.00023060505 1.6848438
0.049636394 1.0600337e-11 1.6849833
-0.025052379 -8.7599598e-05 1.6847672
-0.0995638 -0.00013249697 1.6846424
0.12489481 8.2250258e-05 1.6851992
0.19917642 -0.00025464451 1.533053
0.12367262 -0.00024797062 1.5327386
0.048672872 -0.00014585035 1.5325584
0.12319333 -0.00041444357 1.5325534
0.19843165 -0.00077101436 1.5326566
0.122582 -0.0005688428 1.5322769
-0.026009202 7.9716217e-05 1.5324714
0.20107171 0.00016968948 1.6854173
0.12460816 0.00022452952 1.6852433
0.048856467 0.00028887042 1.6851056
0.12401337 0.00029778328 1.6853275
0.20023569 0.00030674623 1.6855026
0.12308057 0.00030186411 1.6854154
-0.026554527 0.0003137408 1.6850451
-0.17243068 -0.00011131542 1.532979
-0.17295464 -0.00033999711 1.532906
-0.24623618 -1.0531273e-11 1.533248
-0.17243068 0.00011131538 1.532979
-0.17295464 0.00033999706 1.532906
-0.32055006 0.00021561219 1.5335983
-0.32055006 -0.00021561218 1.5335983
-0.17356158 -4.457785e-05 1.6845668
-0.17419024 -0.0001314173 1.684657
-0.24787538 -1.0794929e-11 1.6846213
-0.17356158 4.4577806e-05 1.6845668
-0.17419024 0.00013141727 1.684657
-0.32278223 6.024188e-05 1.6847366
-0.32278223 -6.0241832e-05 1.6847366
