FiniteElementSpace
FiniteElementCollection: H1_3D_P1
VDim: 3
Ordering: 1

-0 -0 -0
0.0035035508 0.00037586201 0.0053900052
0.0065776874 0.00032081819 0.020882206
-0 -0 -0
0.0035035508 -0.00037586201 0.0053900052
0.0065776874 -0.00032081819 0.020882206
-0 -0 -0
-0.0069991869 2.0491104e-11 0.0060561886
-0.013145903 -5.5368495e-12 0.02145043
-0 -0 -0
-0 -0 -0
-0 -0 -0
0.0035225917 3.6712917e-12 0.0056529603
-0.0017590101 0.00010203849 0.0054747081
-0.0017590101 -0.00010203847 0.0054747081
0.0017993324 0.00039158746 0.0013000826
0.0017993324 -0.00039158746 0.0013000826
-0.0036007654 2.3593956e-11 0.0019914781
0.0065974687 -5.2406547e-13 0.021106854
-0.0032967784 8.769989e-05 0.020953152
-0.0032967784 -8.7699893e-05 0.020953152
0.0050998071 0.00034766733 0.011984012
0.0050998071 -0.00034766733 0.011984012
-0.010190106 -6.795733e-12 0.012599925
0.001792713 9.0578605e-13 0.0015648773
-0.00089435469 0.0001085772 0.0013739277
-0.00089435468 -0.00010857719 0.0013739277
0.0051197759 1.6266293e-12 0.01222749
-0.002557892 9.5003146e-05 0.012061037
-0.002557892 -9.5003142e-05 0.012061037
-0 -0 -0
-0 -0 -0
-0 -0 -0
0.0017925084 0.00019792704 0.001493918
0.00043972996 2.7959281e-05 0.0014030475
0.00043442376 8.4005461e-05 0.0012628703
0.00093437318 0.00033760389 0.00030615096
0.00088807643 -3.3518998e-13 0.00051162778
-0.00044270374 -0.00011055646 0.00031528223
-0 -0 -0
-0 -0 -0
-0.0008807489 8.3782845e-12 0.0014506582
0.00043972996 -2.7959272e-05 0.0014030475
-0.00044270374 0.00011055647 0.00031528223
-0 -0 -0
-0 -0 -0
0.0017925084 -0.00019792704 0.001493918
0.00043442375 -8.4005452e-05 0.0012628703
0.00093437317 -0.00033760389 0.00030615095
-0 -0 -0
-0 -0 -0
-0.0022245027 0.00013799337 0.0016256195
-0.0022245027 -0.00013799334 0.0016256195
-0.0018763937 9.1202133e-12 0.00089971007
0.003517369 0.00019204992 0.0055814706
0.00086980492 2.6076479e-05 0.0055042096
0.00085055239 7.8654594e-05 0.0053615916
0.0026625383 0.00038936436 0.003015317
0.0026756422 2.6504415e-12 0.0032859654
-0.0013354524 -0.0001051618 0.0031024422
-0.0017431736 9.9963614e-12 0.0055502546
0.00086980492 -2.6076466e-05 0.0055042096
-0.0013354524 0.00010516182 0.0031024422
0.003517369 -0.00019204991 0.0055814706
0.00085055239 -7.8654581e-05 0.0053615916
0.0026625383 -0.00038936436 0.0030153169
-0.0043630418 0.00012957307 0.0057112633
-0.0043630418 -0.00012957304 0.0057112633
-0.0053207254 2.8691045e-11 0.0037048519
0.0051138571 0.00017718652 0.012161285
0.0012687074 2.3726397e-05 0.012089145
0.0012491773 7.2262309e-05 0.011957132
0.0043164213 0.00036148358 0.0083879031
0.0043364717 3.2711136e-12 0.0086410603
-0.0021661375 -9.860237e-05 0.008468467
-0.0025417796 1.5602533e-12 0.012130678
0.0012687074 -2.3726393e-05 0.012089145
-0.0021661375 9.8602382e-05 0.008468467
0.0051138571 -0.00017718652 0.012161285
0.0012491773 -7.2262305e-05 0.011957132
0.0043164213 -0.00036148358 0.0083879031
-0.0063577472 0.00012047905 0.012279508
-0.0063577472 -0.00012047906 0.012279508
-0.0086236172 5.3188743e-12 0.0090284858
0.0065915761 0.00016347663 0.021045777
0.0016381496 2.188308e-05 0.02097912
0.001618745 6.6666468e-05 0.020857356
0.0058535483 0.00033418883 0.016156094
0.0058733813 -7.3394001e-14 0.016390113
-0.0029347279 -9.1356048e-05 0.016230007
-0.0032806861 -1.3170886e-12 0.021017363
0.0016381496 -2.188308e-05 0.02097912
-0.0029347279 9.1356046e-05 0.016230007
0.0065915761 -0.00016347663 0.021045777
0.001618745 -6.6666469e-05 0.020857356
0.0058535483 -0.00033418883 0.016156094
-0.0082050433 0.00011121295 0.021154696
-0.0082050433 -0.00011121295 0.021154696
-0.011697597 -8.5150953e-12 0.016748034
0.00088089291 0.0001535174 0.00045929744
0.00020857559 2.0739682e-05 0.0003395104
0.00022313072 7.196526e-05 0.00023404639
-0.00041957617 3.592946e-12 0.00037340982
0.00020857558 -2.0739679e-05 0.00033951039
0.0008808929 -0.0001535174 0.00045929744
0.00022313072 -7.1965256e-05 0.00023404638
-0.0011017901 0.00014633915 0.00053944643
-0.0011017901 -0.00014633914 0.00053944643
0.0026723776 0.00019924341 0.0032126025
0.00065913842 2.7683187e-05 0.0031317274
0.00064300348 8.2418245e-05 0.0029856201
-0.0013205321 1.1161514e-11 0.0031804797
0.00065913842 -2.7683175e-05 0.0031317274
0.0026723776 -0.00019924341 0.0032126025
0.00064300348 -8.2418233e-05 0.0029856201
-0.0033114435 0.00013382426 0.0033483907
-0.0033114435 -0.00013382422 0.0033483907
0.0043306465 0.00018436381 0.0085722138
0.0010729326 2.4764641e-05 0.0084974827
0.0010532865 7.5251602e-05 0.0083601587
-0.0021500506 5.9347224e-12 0.0085409877
0.0010729326 -2.4764632e-05 0.0084974827
0.0043306465 -0.0001843638 0.0085722138
0.0010532865 -7.5251593e-05 0.0083601587
-0.0053787145 0.00012507833 0.0086957323
-0.0053787145 -0.00012507832 0.0086957323
0.0058674763 0.0001702888 0.016326487
0.0014571192 2.2792023e-05 0.016257062
0.0014376831 6.9442103e-05 0.016130209
-0.0029186283 -9.7317699e-13 0.016296905
0.0014571192 -2.2792023e-05 0.016257062
0.0058674763 -0.0001702888 0.016326487
0.0014376831 -6.9442103e-05 0.016130209
-0.0072998748 0.00011584905 0.016439964
-0.0072998748 -0.00011584906 0.016439964
-0 -0 -0
-0 -0 -0
-0 -0 -0
0.00089210271 0.00024621814 0.00039090292
0.00054733919 0.00013407202 0.00032901888
0.00058039196 0.00019986647 0.00025399085
0.00050711497 0.00025954849 0.00010419941
0.00043304538 9.1822711e-05 0.00020286892
0.00011821939 5.176173e-05 -3.9682248e-06
-0 -0 -0
-0 -0 -0
0.0002109381 4.5084289e-05 0.00030127191
0.00053776266 7.4676635e-05 0.00038156884
9.6395165e-05 1.2037015e-05 6.7467679e-05
-0 -0 -0
-0 -0 -0
0.00088552774 7.3610759e-05 0.00049886813
0.00053698834 2.3975354e-05 0.00040645179
0.00044455113 -5.1756357e-13 0.00023214725
-0 -0 -0
-0 -0 -0
-0.00011082571 -2.0641127e-05 0.00031391579
-0.00011499747 -3.3054015e-05 0.00025544533
-0.00022257143 -9.7896495e-05 5.9349663e-05
0.0017946716 0.00029628038 0.0014078075
0.0011109982 0.00016337366 0.0013614979
0.0011131907 0.00023018652 0.0012613314
0.0013646448 0.00037796732 0.00070833894
0.0013393811 0.0001856526 0.00088946352
0.00032991855 8.1264081e-05 0.00065932025
0.00043814413 5.642683e-05 0.0013506703
0.0011094071 9.7058397e-05 0.0014308759
0.00032571473 2.5792951e-05 0.00078722064
0.0017924349 9.8774163e-05 0.0015470312
0.0011089954 3.2109416e-05 0.0014659287
0.0013402216 1.6196587e-13 0.00095474874
-0.00022507303 -1.7732479e-05 0.001374035
-0.00023381316 -3.0870196e-05 0.0013002891
-0.00066834404 -0.00011100605 0.00075826677
-0 -0 -0
-0 -0 -0
-0 -0 -0
-0.00042782988 5.6888893e-05 0.00036131454
-0.00010576304 6.9259171e-06 0.0003389791
-0.00011082571 2.0641132e-05 0.00031391578
-0.00022257143 9.7896499e-05 5.9349661e-05
-0.00019415172 1.4258491e-12 8.749487e-05
9.6395164e-05 -1.2037014e-05 6.7467678e-05
-0 -0 -0
-0 -0 -0
0.00020872473 1.744939e-12 0.00035135441
-0.00010576303 -6.9259117e-06 0.0003389791
-0 -0 -0
-0.00042782988 -5.6888885e-05 0.00036131454
-0 -0 -0
0.00053698834 -2.3975352e-05 0.00040645179
-0.0008840715 5.3788322e-05 0.0014319207
-0.00022115157 5.8652494e-06 0.0014099363
-0.00022507303 1.7732492e-05 0.001374035
-0.00066834404 0.00011100606 0.00075826676
-0.00065330146 6.0677191e-12 0.00082991574
0.00032571473 -2.5792944e-05 0.00078722064
0.00044028622 4.3830964e-12 0.0014204448
-0.00022115157 -5.865237e-06 0.0014099363
-0.00088407149 -5.3788305e-05 0.0014319207
0.0011089954 -3.2109411e-05 0.0014659287
-0 -0 -0
-0 -0 -0
0.00088552773 -7.3610759e-05 0.00049886813
0.00053776265 -7.4676634e-05 0.00038156884
0.00043304538 -9.1822712e-05 0.00020286892
-0 -0 -0
-0 -0 -0
0.0002109381 -4.5084285e-05 0.00030127191
0.00054733918 -0.00013407202 0.00032901887
0.00011821939 -5.1761728e-05 -3.9682281e-06
-0 -0 -0
-0 -0 -0
0.00089210271 -0.00024621814 0.00039090291
0.00058039196 -0.00019986647 0.00025399085
0.00050711497 -0.00025954849 0.0001041994
-0 -0 -0
-0.00011499748 3.3054021e-05 0.00025544533
0.0017924349 -9.8774161e-05 0.0015470312
0.0011094071 -9.7058391e-05 0.0014308759
0.0013393811 -0.0001856526 0.00088946351
0.00043814413 -5.6426822e-05 0.0013506703
0.0011109982 -0.00016337366 0.0013614979
0.00032991854 -8.1264074e-05 0.00065932024
0.0017946716 -0.00029628038 0.0014078075
0.0011131907 -0.00023018652 0.0012613313
0.0013646448 -0.00037796732 0.00070833893
-0.00023381317 3.0870208e-05 0.001300289
-0 -0 -0
-0 -0 -0
-0.00074948329 -5.3478353e-05 0.00044069507
-0.00076787136 -0.00015171527 0.00041018238
-0.00054933744 -0.00015414821 0.00021862517
-0 -0 -0
-0 -0 -0
-0.0010931307 5.8456867e-12 0.00055479842
-0.00074948329 5.3478363e-05 0.00044069507
-0.00054933744 0.00015414821 0.00021862517
-0 -0 -0
-0.00076787137 0.00015171528 0.00041018238
-0 -0 -0
-0 -0 -0
-0.0014714375 8.9132064e-05 0.00070786513
-0.0014714375 -8.913205e-05 0.00070786513
-0.0010140246 2.9266312e-12 0.00055670471
-0.0015469632 -4.8154559e-05 0.0015232782
-0.0015550673 -0.0001447568 0.0014833702
-0.0016673885 -0.0001407941 0.0010060153
-0.002220681 1.4674776e-11 0.0016456604
-0.0015469632 4.8154581e-05 0.0015232782
-0.0016673885 0.00014079412 0.0010060153
-0.0015550673 0.00014475682 0.0014833702
-0.0029072932 8.9287261e-05 0.0017967935
-0.0029072932 -8.9287223e-05 0.0017967935
-0.0027348692 1.678335e-11 0.0013740705
0.0026682024 0.00029563345 0.0031247067
0.0016539066 0.00016211933 0.0030831
0.0016459231 0.00022778056 0.0029800981
0.0022329469 0.00039336311 0.0020721413
0.0022369934 0.00020079952 0.0022699047
0.00053864264 8.3870432e-05 0.0020402517
0.00065353501 5.5320667e-05 0.0030765733
0.0016586379 9.7125931e-05 0.0031553135
0.0005506898 2.8247737e-05 0.0021854698
0.0026748306 0.00010025955 0.0032674384
0.0016608444 3.2359499e-05 0.003192147
0.0022386406 1.7997598e-12 0.0023430302
-0.00033739173 -1.7446211e-05 0.0031029042
-0.00034925816 -3.0217849e-05 0.0030269826
-0.0011170807 -0.00010670842 0.0021563911
0.0035111299 0.00028502994 0.0054961027
0.0021797361 0.00015562961 0.0054562486
0.00216964 0.00021929355 0.0053560695
0.0030863691 0.00038300591 0.0041229221
0.0030990122 0.00019591945 0.0043177021
0.00074716176 8.0545414e-05 0.0040940962
0.00086265982 5.2345172e-05 0.0054501865
0.0021866324 9.3109408e-05 0.0055267597
0.00076544809 2.6872553e-05 0.0042389467
0.0035212745 9.6669481e-05 0.0056348821
0.0021900978 3.1009737e-05 0.0055628349
0.0031034835 3.2822132e-12 0.0043903412
-0.00044462058 -1.7665049e-05 0.0054756275
-0.00045742457 -2.9988735e-05 0.0054018284
-0.001549376 -0.00010363915 0.0042094699
-0.0013241417 5.2145229e-05 0.0031611715
-0.00033191799 5.7291826e-06 0.0031405346
-0.00033739173 1.7446228e-05 0.0031029042
-0.0011170807 0.00010670844 0.0021563911
-0.0011029401 1.0230717e-11 0.0022346511
0.0005506898 -2.8247726e-05 0.0021854698
0.00066089919 6.381171e-12 0.0031502043
-0.00033191799 -5.7291655e-06 0.0031405346
-0.0013241417 -5.2145207e-05 0.0031611715
0.0016608444 -3.235949e-05 0.003192147
-0.001747096 5.0783465e-05 0.0055314957
-0.00043834527 5.8595523e-06 0.00551242
-0.00044462058 1.7665065e-05 0.0054756275
-0.001549376 0.00010363917 0.0042094699
-0.0015338817 1.1029695e-11 0.0042864372
0.00076544809 -2.687254e-05 0.0042389467
0.00087216308 6.478475e-12 0.0055223607
-0.00043834527 -5.8595361e-06 0.00551242
-0.001747096 -5.0783445e-05 0.0055314957
0.0021900978 -3.1009727e-05 0.0055628349
0.0026748306 -0.00010025955 0.0032674384
0.0016586379 -9.7125922e-05 0.0031553135
0.0022369934 -0.00020079951 0.0022699047
0.00065353501 -5.5320655e-05 0.0030765733
0.0016539066 -0.00016211932 0.0030831
0.00053864264 -8.3870422e-05 0.0020402517
0.0026682024 -0.00029563345 0.0031247066
0.001645923 -0.00022778056 0.0029800981
0.0022329469 -0.00039336311 0.0020721413
-0.00034925816 3.0217866e-05 0.0030269825
0.0035212745 -9.6669474e-05 0.0056348821
0.0021866324 -9.3109398e-05 0.0055267597
0.0030990122 -0.00019591944 0.004317702
0.00086265982 -5.2345159e-05 0.0054501865
0.0021797361 -0.0001556296 0.0054562486
0.00074716176 -8.0545401e-05 0.0040940962
0.0035111299 -0.00028502993 0.0054961027
0.00216964 -0.00021929354 0.0053560695
0.0030863691 -0.00038300591 0.0041229221
-0.00045742457 2.9988751e-05 0.0054018284
-0.0023122728 -4.6539993e-05 0.0032500546
-0.002321081 -0.00013995346 0.0032103092
-0.0027724306 -0.00013584442 0.0024062582
-0.0033066002 1.8674505e-11 0.0033680407
-0.0023122728 4.6540022e-05 0.0032500546
-0.0027724306 0.00013584446 0.0024062582
-0.002321081 0.00013995349 0.0032103092
-0.0043105184 8.7292313e-05 0.0035143914
-0.0043105184 -8.7292266e-05 0.0035143914
-0.0044644608 2.8317623e-11 0.0027679131
-0.0030498253 -4.5109696e-05 0.0056166402
-0.0030592423 -0.00013545759 0.005578438
-0.0038416716 -0.00013173757 0.0044508011
-0.004357615 1.4715472e-11 0.0057300821
-0.0030498253 4.510972e-05 0.0056166402
-0.0038416716 0.0001317376 0.0044508011
-0.0030592423 0.00013545762 0.005578438
-0.005674966 8.4633116e-05 0.0058715552
-0.005674966 -8.4633081e-05 0.0058715552
-0.0061662451 2.6224195e-11 0.0048016238
0.0043240114 0.00027386633 0.0084900311
0.0026876637 0.00014926 0.0084514954
0.002677473 0.00021067295 0.0083550433
0.0039136369 0.00036861183 0.0068127372
0.0039278297 0.00018814458 0.0070006378
0.00095269844 7.6885525e-05 0.0067846422
0.0010654669 4.9868729e-05 0.0084454267
0.0026949924 8.9170844e-05 0.0085194264
0.00097229015 2.5374001e-05 0.0069246586
0.0043349788 9.2745713e-05 0.0086236475
0.0026987938 2.967458e-05 0.0085542003
0.0039334614 3.6713294e-12 0.0070708234
-0.00054685259 -1.7408422e-05 0.0084695802
-0.00055973557 -2.9297853e-05 0.0083986391
-0.0019645451 -0.00010035199 0.0068953234
0.0051072299 0.00026331002 0.012082244
0.0031772188 0.00014343286 0.012045065
0.003167175 0.00020255665 0.011952307
0.00471182 0.00035451269 0.01011259
0.0047259643 0.00018072216 0.010293356
0.0011521411 7.3722637e-05 0.010085254
0.0012612396 4.7829707e-05 0.012039102
0.0031845487 8.564211e-05 0.012110388
0.0011717388 2.4223911e-05 0.010219901
0.00511825 8.9107388e-05 0.012210746
0.0031883889 2.8490585e-05 0.012143826
0.0047318647 2.5590026e-12 0.010360872
-0.00064487608 -1.6867761e-05 0.012062179
-0.00065769642 -2.8322139e-05 0.011994019
-0.0023638969 -9.6813561e-05 0.010191308
-0.0021540699 4.9151644e-05 0.0085229644
-0.00054038972 5.8036393e-06 0.0085049979
-0.00054685259 1.7408433e-05 0.0084695802
-0.0019645451 0.00010035201 0.0068953234
-0.0019485336 8.1603443e-12 0.0069693514
0.00097229015 -2.537399e-05 0.0069246586
0.0010754456 4.6530666e-12 0.0085149849
-0.00054038972 -5.8036286e-06 0.0085049979
-0.0021540699 -4.9151633e-05 0.0085229644
0.0026987938 -2.9674572e-05 0.0085542003
-0.0025458145 4.7378567e-05 0.01211337
-0.00063840545 5.6319595e-06 0.01209621
-0.00064487608 1.6867765e-05 0.012062179
-0.0023638969 9.6813568e-05 0.010191308
-0.002347786 3.6109606e-12 0.010262366
0.0011717388 -2.4223905e-05 0.010219901
0.0012712354 1.9797794e-12 0.012105971
-0.00063840545 -5.6319556e-06 0.01209621
-0.0025458145 -4.7378564e-05 0.01211337
0.0031883889 -2.8490581e-05 0.012143826
0.0043349788 -9.2745707e-05 0.0086236475
0.0026949924 -8.9170836e-05 0.0085194264
0.0039278297 -0.00018814457 0.0070006378
0.0010654669 -4.9868719e-05 0.0084454267
0.0026876637 -0.00014925999 0.0084514954
0.00095269844 -7.6885514e-05 0.0067846422
0.0043240115 -0.00027386632 0.0084900311
0.002677473 -0.00021067294 0.0083550433
0.0039136369 -0.00036861182 0.0068127372
-0.00055973557 2.9297863e-05 0.0083986391
0.00511825 -8.9107385e-05 0.012210746
0.0031845487 -8.5642107e-05 0.012110388
0.0047259643 -0.00018072215 0.010293356
0.0012612396 -4.7829703e-05 0.012039102
0.0031772189 -0.00014343285 0.012045065
0.0011521411 -7.372263e-05 0.010085254
0.0051072299 -0.00026331002 0.012082244
0.003167175 -0.00020255665 0.011952307
0.00471182 -0.00035451268 0.01011259
-0.00065769641 2.8322143e-05 0.011994019
-0.003761149 -4.3570062e-05 0.0086046164
-0.0037708109 -0.00013075471 0.0085680006
-0.0048754258 -0.00012734627 0.0071271672
-0.0053730585 6.2955517e-12 0.0087137712
-0.003761149 4.3570075e-05 0.0086046164
-0.0048754258 0.00012734629 0.0071271672
-0.0037708109 0.00013075472 0.0085680006
-0.0069947462 8.1716196e-05 0.0088502432
-0.0069947462 -8.1716185e-05 0.0088502432
-0.0078185056 1.3287465e-11 0.0074660462
-0.004446517 -4.1975506e-05 0.012191814
-0.0044562453 -0.00012594628 0.01215666
-0.0058728354 -0.00012278554 0.010414125
-0.0063520234 -1.2271004e-12 0.012296831
-0.004446517 4.1975507e-05 0.012191814
-0.0058728353 0.00012278554 0.010414125
-0.0044562453 0.00012594628 0.01215666
-0.0082674166 7.8712061e-05 0.012428251
-0.0082674166 -7.871207e-05 0.012428251
-0.0094142046 -2.0037293e-12 0.010740717
0.005860891 0.00025308523 0.016250515
0.0036482908 0.00013785271 0.016214745
0.0036383253 0.00019469363 0.016125595
0.0054803811 0.00034090434 0.013999426
0.0054943573 0.00017371857 0.014173246
0.0013443612 7.0841799e-05 0.013973034
0.0014496812 4.5955618e-05 0.016208979
0.0036555805 8.2300182e-05 0.016277521
0.0013638351 2.3253107e-05 0.014102453
0.0058718567 8.5630887e-05 0.016374022
0.0036594072 2.7376526e-05 0.016309653
0.005500272 6.914111e-13 0.014238156
-0.00073908188 -1.6234452e-05 0.016231117
-0.00075186276 -2.7250759e-05 0.016165631
-0.0027481622 -9.318198e-05 0.014074863
0.0065850079 0.00024296155 0.020972848
0.0041008754 0.00013234132 0.020938506
0.0040909326 0.00018690575 0.020852927
0.0062193154 0.0003274979 0.018451272
0.0062332162 0.00016687837 0.018618251
0.0015291435 6.8052226e-05 0.018425903
0.0016307242 4.412176e-05 0.020932968
0.004108148 7.9010213e-05 0.020998765
0.0015485578 2.2336449e-05 0.018550206
0.006595947 8.22047e-05 0.021091408
0.0041119664 2.6282103e-05 0.021029606
0.0062391129 -5.5084078e-13 0.0186806
-0.00082958693 -1.5581426e-05 0.020954216
-0.00084235532 -2.6158072e-05 0.020891357
-0.0031175986 -8.9528273e-05 0.018523693
-0.0029226614 4.5562762e-05 0.01628028
-0.00073262589 5.4219323e-06 0.01626381
-0.00073908188 1.6234452e-05 0.016231117
-0.0027481622 9.3181981e-05 0.014074863
-0.0027320559 1.5410535e-14 0.014143122
0.0013638351 -2.3253106e-05 0.014102453
0.0014596397 -3.822427e-14 0.016273228
-0.00073262589 -5.4219328e-06 0.01626381
-0.0029226614 -4.5562764e-05 0.01628028
0.0036594072 -2.7376526e-05 0.016309653
-0.0032847173 4.3738442e-05 0.021001406
-0.0008231377 5.2035963e-06 0.020985594
-0.00082958693 1.5581425e-05 0.020954216
-0.0031175986 8.952827e-05 0.018523693
-0.003101504 -1.3964152e-12 0.018589245
0.0015485578 -2.2336449e-05 0.018550206
0.0016406657 -3.2085746e-13 0.020994636
-0.0008231377 -5.2035976e-06 0.020985594
-0.0032847173 -4.3738445e-05 0.021001406
0.0041119664 -2.6282104e-05 0.021029606
0.0058718567 -8.5630887e-05 0.016374022
0.0036555805 -8.2300182e-05 0.016277521
0.0054943573 -0.00017371857 0.014173246
0.0014496812 -4.5955618e-05 0.016208979
0.0036482908 -0.00013785271 0.016214745
0.0013443612 -7.0841797e-05 0.013973034
0.005860891 -0.00025308523 0.016250515
0.0036383253 -0.00019469363 0.016125595
0.0054803811 -0.00034090433 0.013999426
-0.00075186276 2.7250758e-05 0.016165631
0.006595947 -8.2204701e-05 0.021091408
0.004108148 -7.9010214e-05 0.020998765
0.0062332162 -0.00016687838 0.018618251
0.0016307242 -4.412176e-05 0.020932968
0.0041008754 -0.00013234132 0.020938506
0.0015291435 -6.8052226e-05 0.018425903
0.0065850079 -0.00024296155 0.020972848
0.0040909326 -0.00018690575 0.020852927
0.0062193154 -0.0003274979 0.018451272
-0.00084235532 2.6158071e-05 0.020891357
-0.005105994 -4.0364001e-05 0.016355656
-0.0051157318 -0.0001211067 0.016321888
-0.0068334299 -0.00011816563 0.014289056
-0.0072941382 -3.9312666e-12 0.016456607
-0.005105994 4.0363997e-05 0.016355656
-0.0068334299 0.00011816563 0.014289056
-0.0051157318 0.0001211067 0.016321888
-0.0094922047 7.5685438e-05 0.016582966
-0.0094922047 -7.568545e-05 0.016582966
-0.010951246 -9.2005175e-12 0.014603299
-0.0057396031 -3.8748832e-05 0.021073762
-0.0057493404 -0.000116261 0.021041349
-0.0077570795 -0.00011353122 0.018729438
-0.0081993059 -3.5328284e-12 0.021170671
-0.0057396031 3.8748827e-05 0.021073762
-0.0077570795 0.00011353121 0.018729438
-0.0057493404 0.00011626099 0.021041349
-0.010668939 7.2655365e-05 0.021291972
-0.010668939 -7.2655375e-05 0.021291972
-0.012429149 -6.9729131e-12 0.019031339
0.00042666448 0.00015415296 0.0001619275
0.00025072863 8.2199522e-05 7.3083924e-05
0.00029819242 0.00014621936 1.7342995e-05
9.6812364e-05 2.7183246e-05 4.5993376e-05
0.00024691746 4.4009177e-05 0.00010278362
0.0004411691 4.3516315e-05 0.00022511518
0.00024698296 1.40064e-05 0.00011587833
-5.1460884e-05 -1.5256921e-05 5.2878831e-05
-5.5398367e-05 -3.1045864e-05 1.4220939e-05
0.0013465715 0.00028238423 0.00080928989
0.00083270264 0.00015586982 0.00075684843
0.00084675455 0.00022271857 0.00066419674
0.00032663623 5.3478624e-05 0.00073986885
0.00082625721 9.0794646e-05 0.0008201411
0.0013392203 9.1124495e-05 0.00093850616
0.00082490584 2.9655006e-05 0.00085193057
-0.00016807225 -1.8967144e-05 0.00075811971
-0.0001745854 -3.2108872e-05 0.00068951517
-0.00019687937 4.0822452e-05 8.287508e-05
-4.9196491e-05 4.7599272e-06 6.5768296e-05
-5.1460885e-05 1.5256923e-05 5.2878829e-05
9.6763398e-05 6.9293786e-13 7.3793562e-05
-4.9196491e-05 -4.759925e-06 6.5768297e-05
-0.00019687937 -4.0822449e-05 8.2875081e-05
0.00024698296 -1.40064e-05 0.00011587833
-0.00065743743 5.5494925e-05 0.0008127646
-0.00016423381 6.6460527e-06 0.00079054448
-0.00016807225 1.8967153e-05 0.00075811971
0.00032590753 3.019524e-12 0.00080276397
-0.00016423381 -6.6460436e-06 0.00079054448
-0.00065743743 -5.5494913e-05 0.00081276461
0.00082490584 -2.9655003e-05 0.00085193057
0.0004411691 -4.3516316e-05 0.00022511518
0.00024691746 -4.4009177e-05 0.00010278362
9.6812363e-05 -2.7183245e-05 4.5993374e-05
0.00025072863 -8.2199522e-05 7.3083921e-05
0.00042666448 -0.00015415296 0.0001619275
0.00029819242 -0.00014621936 1.7342991e-05
-5.5398369e-05 3.1045868e-05 1.4220936e-05
0.0013392203 -9.1124495e-05 0.00093850616
0.00082625721 -9.0794642e-05 0.0008201411
0.00032663623 -5.3478618e-05 0.00073986884
0.00083270264 -0.00015586981 0.00075684842
0.0013465715 -0.00028238423 0.00080928988
0.00084675455 -0.00022271856 0.00066419672
-0.0001745854 3.2108881e-05 0.00068951516
-0.00034456438 -4.1192839e-05 0.00013350113
-0.00038568056 -0.00014235531 0.00012715275
-0.00050153493 2.0060323e-12 0.0002103831
-0.00034456438 4.1192843e-05 0.00013350113
-0.00038568057 0.00014235532 0.00012715274
-0.00072181144 0.00011462207 0.00034427535
-0.00072181144 -0.00011462206 0.00034427535
-0.0011524838 -4.9443078e-05 0.00090209037
-0.0011615793 -0.00014871137 0.00086455795
-0.0016633651 1.0521994e-11 0.0010245881
-0.0011524838 4.9443094e-05 0.00090209037
-0.0011615793 0.00014871139 0.00086455795
-0.0021935121 9.078075e-05 0.0011776247
-0.0021935121 -9.0780723e-05 0.0011776247
0.0022352635 0.00029852337 0.0021818997
0.0013845672 0.00016420088 0.0021386254
0.0013800023 0.00023060165 0.0020357017
0.00054676135 5.6481225e-05 0.0021308622
0.001386795 9.8219694e-05 0.0022104181
0.0022381808 0.0001008141 0.0023245993
0.0013878088 3.2675718e-05 0.0022469099
-0.00028175244 -1.7341802e-05 0.0021565898
-0.00029238244 -3.0345013e-05 0.0020808059
0.0030934617 0.00029064829 0.0042308754
0.0019190069 0.00015898559 0.0041902759
0.0019094832 0.00022370597 0.004088425
0.0007588326 5.3812254e-05 0.0041841427
0.0019251734 9.520567e-05 0.0042618722
0.0031023689 9.8632839e-05 0.0043719802
0.0019281778 3.1721324e-05 0.004298466
-0.00039168473 -1.7608467e-05 0.0042101899
-0.00040420727 -3.0153754e-05 0.0041351129
-0.0011063122 5.2810515e-05 0.0022153582
-0.00027704076 5.6899685e-06 0.0021939101
-0.00028175244 1.7341817e-05 0.0021565898
0.00055188888 5.5458728e-12 0.0022037026
-0.00027704076 -5.6899531e-06 0.0021939101
-0.0011063122 -5.2810495e-05 0.0022153582
0.0013878088 -3.2675711e-05 0.0022469099
-0.0015376831 5.1498775e-05 0.0042673493
-0.00038569628 5.8141847e-06 0.0042475417
-0.00039168473 1.7608485e-05 0.0042101899
0.00076758812 6.6886987e-12 0.0042573409
-0.00038569628 -5.8141673e-06 0.0042475417
-0.0015376831 -5.1498753e-05 0.0042673493
0.0019281778 -3.1721314e-05 0.004298466
0.0022381808 -0.0001008141 0.0023245993
0.001386795 -9.8219687e-05 0.0022104181
0.00054676134 -5.6481214e-05 0.0021308622
0.0013845672 -0.00016420087 0.0021386254
0.0022352635 -0.00029852337 0.0021818996
0.0013800023 -0.00023060164 0.0020357017
-0.00029238244 3.0345028e-05 0.0020808059
0.0031023689 -9.8632833e-05 0.0043719802
0.0019251734 -9.520566e-05 0.0042618722
0.0007588326 -5.3812241e-05 0.0041841427
0.0019190069 -0.00015898558 0.0041902759
0.0030934617 -0.00029064828 0.0042308754
0.0019094832 -0.00022370596 0.004088425
-0.00040420727 3.0153771e-05 0.0041351129
-0.0019333008 -4.723779e-05 0.0023058909
-0.001941671 -0.00014222129 0.0022656909
-0.0027680757 1.7927069e-11 0.002426237
-0.0019333008 4.7237817e-05 0.0023058909
-0.001941671 0.00014222131 0.0022656909
-0.0036132018 8.8452139e-05 0.0025749805
-0.0036132018 -8.8452094e-05 0.0025749805
-0.0026843689 -4.5838902e-05 0.0043543599
-0.0026935357 -0.00013773278 0.0043153468
-0.0038364777 1.7676694e-11 0.0044700352
-0.0026843689 4.583893e-05 0.0043543599
-0.0026935357 0.0001377328 0.0043153468
-0.0049980608 8.6013815e-05 0.0046139645
-0.0049980608 -8.6013771e-05 0.0046139645
0.0039212933 0.00027937315 0.0069168542
0.0024359796 0.00015236381 0.0068776634
0.0024257523 0.00021491416 0.0067793321
0.00096490778 5.1032087e-05 0.0068715923
0.0024431971 9.1079054e-05 0.0069469088
0.0039320273 9.4673991e-05 0.0070530723
0.0024468964 3.0319937e-05 0.0069823512
-0.0004963042 -1.7589272e-05 0.0068963693
-0.00050919094 -2.9695402e-05 0.0068239916
0.0047193182 0.00026852522 0.010212755
0.0029347493 0.00014629753 0.010174889
0.002924636 0.00020656596 0.010080298
0.0011642594 4.8814857e-05 0.010168858
0.0029420953 8.7369492e-05 0.010241508
0.0047303468 9.0896087e-05 0.010343796
0.0029459311 2.9068788e-05 0.01027561
-0.00059635672 -1.7158275e-05 0.010192448
-0.00060920882 -2.8830598e-05 0.010122915
-0.0019525217 4.9994679e-05 0.0069509581
-0.00048989309 5.8528694e-06 0.0069324897
-0.0004963042 1.7589286e-05 0.0068963693
0.00097475717 5.7563433e-12 0.0069424971
-0.00048989309 -5.8528555e-06 0.0069324897
-0.0019525217 -4.9994663e-05 0.0069509581
0.0024468964 -3.0319928e-05 0.0069823512
-0.0023518176 4.8274624e-05 0.010244705
-0.00058988216 5.7261117e-06 0.010227166
-0.00059635672 1.7158282e-05 0.010192448
0.0011742661 3.3319868e-12 0.010237063
-0.00058988216 -5.7261044e-06 0.010227166
-0.0023518176 -4.8274617e-05 0.010244705
0.0029459311 -2.9068782e-05 0.01027561
0.0039320273 -9.4673984e-05 0.0070530723
0.0024431971 -9.1079045e-05 0.0069469088
0.00096490778 -5.1032076e-05 0.0068715922
0.0024359796 -0.0001523638 0.0068776634
0.0039212933 -0.00027937314 0.0069168542
0.0024257523 -0.00021491415 0.0067793321
-0.00050919094 2.9695415e-05 0.0068239916
0.0047303468 -9.0896082e-05 0.010343796
0.0029420953 -8.7369486e-05 0.010241508
0.0011642594 -4.881485e-05 0.010168858
0.0029347494 -0.00014629753 0.010174889
0.0047193182 -0.00026852521 0.010212755
0.002924636 -0.00020656595 0.010080298
-0.00060920881 2.8830605e-05 0.010122915
-0.0034087391 -4.4350442e-05 0.007034313
-0.0034183123 -0.0001331267 0.0069969191
-0.0048698542 1.0705528e-11 0.0071455865
-0.0034087391 4.4350461e-05 0.007034313
-0.0034183123 0.00013312672 0.0069969191
-0.0063406495 8.3192791e-05 0.0072845702
-0.0063406495 -8.3192767e-05 0.0072845702
-0.0041070719 -4.2776498e-05 0.010324727
-0.0041167795 -0.00012835748 0.010288856
-0.0058671338 1.8704026e-12 0.0104318
-0.0041070719 4.2776504e-05 0.010324727
-0.0041167795 0.00012835748 0.010288856
-0.0076370412 8.0219402e-05 0.010565748
-0.0076370412 -8.0219402e-05 0.010565748
0.0054877535 0.00025817504 0.014095746
0.0034150663 0.00014062698 0.014059267
0.0034050711 0.00019860824 0.013968321
0.0013563836 4.6882995e-05 0.014053396
0.003422374 8.3959199e-05 0.014123311
0.0054987456 8.7357967e-05 0.01422174
0.0034262082 2.7929055e-05 0.014156092
-0.00069244515 -1.6556083e-05 0.014075993
-0.00070524148 -2.7791724e-05 0.014009179
0.0062266426 0.00024801827 0.018543802
0.0038768935 0.00013509373 0.018508744
0.0038669439 0.00019079594 0.018421382
0.0015411283 4.5036949e-05 0.018503091
0.0038841715 8.0652716e-05 0.01857026
0.0062375902 8.3915216e-05 0.018664832
0.0038879927 2.682837e-05 0.018601746
-0.00078479465 -1.5908688e-05 0.018524781
-0.00079756686 -2.670527e-05 0.018460611
-0.0027360903 4.6472861e-05 0.014126158
-0.00068598228 5.5290284e-06 0.01410935
-0.00069244515 1.6556084e-05 0.014075993
0.0013663595 7.9573464e-13 0.014118947
-0.00068598228 -5.5290272e-06 0.01410935
-0.0027360903 -4.6472861e-05 0.014126158
0.0034262082 -2.7929053e-05 0.014156092
-0.0031055358 4.4650906e-05 0.018572955
-0.00077834324 5.3130863e-06 0.018556815
-0.00078479465 1.5908687e-05 0.018524781
0.0015510753 -4.2264697e-13 0.018566047
-0.00077834324 -5.3130877e-06 0.018556815
-0.0031055358 -4.4650909e-05 0.018572955
0.0038879927 -2.6828371e-05 0.018601746
0.0054987456 -8.7357966e-05 0.01422174
0.003422374 -8.3959198e-05 0.014123311
0.0013563836 -4.6882994e-05 0.014053396
0.0034150663 -0.00014062698 0.014059267
0.0054877535 -0.00025817504 0.014095746
0.0034050711 -0.00019860824 0.013968321
-0.00070524147 2.7791726e-05 0.014009179
0.0062375902 -8.3915217e-05 0.018664832
0.0038841715 -8.0652717e-05 0.01857026
0.0015411283 -4.503695e-05 0.018503091
0.0038768935 -0.00013509373 0.018508744
0.0062266426 -0.00024801828 0.018543802
0.0038669439 -0.00019079594 0.018421382
-0.00079756686 2.6705268e-05 0.018460611
-0.0047794899 -4.1170664e-05 0.014203058
-0.0047892259 -0.00012352807 0.014168603
-0.0068276965 -3.3320867e-12 0.014306037
-0.0047794899 4.1170661e-05 0.014203058
-0.0047892259 0.00012352807 0.014168603
-0.0088858133 7.7199759e-05 0.014434926
-0.0088858133 -7.7199771e-05 0.014434926
-0.0054260314 -3.9556563e-05 0.018646818
-0.005435769 -0.00011868407 0.018613729
-0.0077513421 -3.9134962e-12 0.018745746
-0.0054260314 3.9556558e-05 0.018646818
-0.005435769 0.00011868406 0.018613729
-0.010086581 7.4170472e-05 0.018869576
-0.010086581 -7.4170483e-05 0.018869576
