FiniteElementSpace
FiniteElementCollection: H1_3D_P1
VDim: 3
Ordering: 1

0.01154377 0.00049618934 0.075933131
0.093240451 0.0080608066 0.24570985
0.1523617 0.0053464967 0.6326134
0.01154377 -0.00049618933 0.075933131
0.093240451 -0.0080608065 0.24570985
0.1523617 -0.0053464967 0.6326134
-0.18606834 -4.0268439e-12 0.26000162
-0.30427834 7.0370862e-11 0.64208286
0.011367864 3.0155199e-12 0.076223151
-0.0056806928 0.00012839394 0.07599443
-0.0056806928 -0.00012839394 0.07599443
0.09421878 7.8706055e-11 0.25135036
-0.047016069 0.0021861262 0.24753367
-0.047016069 -0.0021861261 0.24753367
0.055045289 0.0092032604 0.12803912
0.055045289 -0.0092032603 0.12803912
-0.10995141 -3.8391146e-11 0.144299
0.15335016 -1.0611744e-11 0.63635717
-0.076590273 0.0014617096 0.6337952
-0.076590273 -0.0014617095 0.6337952
0.12575966 0.0066859054 0.41701184
0.12575966 -0.0066859053 0.41701184
-0.25107181 8.9574748e-11 0.42885691
0.055396623 5.5338182e-11 0.13428058
-0.027603402 0.0025266005 0.12985673
-0.027603402 -0.0025266005 0.12985673
0.1267531 6.071455e-11 0.42169424
-0.063291012 0.0018270279 0.41849317
-0.063291012 -0.0018270278 0.41849317
0.011349353 0.00023193837 0.076137191
0.002793755 2.9684934e-05 0.076025277
0.0028341845 0.00010329186 0.075875158
0.010815225 4.2098465e-12 0.067770716
0.002793755 -2.9684928e-05 0.076025277
-0.005403886 5.8171169e-05 0.067671136
0.011349353 -0.00023193836 0.076137191
0.0028341845 -0.00010329185 0.075875158
0.010866965 -0.00025338347 0.067579564
0.055260714 0.0046734786 0.13260535
0.013357329 0.00066915487 0.1305132
0.012714866 0.0019864115 0.12720513
0.034491616 0.008350606 0.093417831
0.033741037 2.6899379e-11 0.098587436
-0.016796366 -0.002646475 0.093925992
-0.026866585 1.7291568e-11 0.1316687
0.013357329 -0.00066915479 0.1305132
-0.016796366 0.002646475 0.093925992
0.055260714 -0.0046734785 0.13260535
0.012714866 -0.0019864114 0.12720513
0.034491616 -0.0083506059 0.093417831
-0.067813803 0.0032155733 0.13576739
-0.067813803 -0.0032155733 0.13576739
-0.069053057 -4.1392882e-11 0.10809567
0.093938823 0.0041206475 0.24981653
0.022995005 0.00056019924 0.24816427
0.02202386 0.0016880499 0.24510347
0.074794663 0.0087492484 0.17949214
0.075637928 7.3375168e-11 0.1855774
-0.037720656 -0.0023553367 0.18147388
-0.046216546 5.6577689e-11 0.24915613
0.022995005 -0.0005601991 0.24816427
-0.037720656 0.0023553367 0.18147388
0.093938823 -0.0041206473 0.24981653
0.02202386 -0.0016880498 0.24510347
0.074794663 -0.0087492483 0.17949214
-0.11573407 0.0027762994 0.25260913
-0.11573407 -0.0027762993 0.25260913
-0.14926678 -3.1528144e-11 0.19499522
0.12645791 0.0034073949 0.420421
0.031120378 0.00045620641 0.41903387
0.030147188 0.0013895962 0.41649488
0.11023886 0.0073650199 0.32527094
0.11123605 7.4077044e-11 0.33042932
-0.055529995 -0.0020085407 0.32691415
-0.062485959 6.2732697e-11 0.41983262
0.031120378 -0.0004562063 0.41903387
-0.055529995 0.0020085408 0.32691415
0.12645791 -0.0034073948 0.420421
0.030147188 -0.0013895961 0.41649488
0.11023886 -0.0073650198 0.32527094
-0.15636761 0.0023169586 0.42269475
-0.15636761 -0.0023169585 0.42269475
-0.2200354 5.1922965e-11 0.33832439
0.15305599 0.0027242287 0.63533934
0.037770397 0.00036459145 0.6342282
0.03680035 0.0011109088 0.63219904
0.13980015 0.0060150773 0.51982671
0.14079002 3.3496711e-11 0.52403882
-0.07031016 -0.0016444465 0.52115671
-0.075785893 3.1743435e-11 0.63486522
0.037770397 -0.00036459144 0.6342282
-0.07031016 0.0016444466 0.52115671
0.15305599 -0.0027242287 0.63533934
0.03680035 -0.0011109088 0.63219904
0.13980015 -0.0060150772 0.51982671
-0.18961944 0.0018535994 0.6371539
-0.18961944 -0.0018535993 0.6371539
-0.27915381 1.0173807e-10 0.53048107
0.0026849661 -1.7681985e-05 0.06769182
0.01081969 -0.00013289997 0.067718374
0.0026886481 -4.7230787e-05 0.067579547
0.03350454 0.0038585385 0.097263044
0.0078798519 0.00054637486 0.094444107
0.0078076671 0.001801943 0.091799646
-0.015891768 8.309256e-13 0.095365795
0.0078798519 -0.00054637483 0.094444107
0.03350454 -0.0038585384 0.097263044
0.0078076671 -0.001801943 0.091799646
-0.041180781 0.0035234353 0.099400262
-0.041180781 -0.0035234354 0.099400262
0.075407351 0.004484033 0.18392702
0.018375712 0.00062581712 0.18212391
0.017471923 0.0018563782 0.1788358
-0.036943082 3.8630055e-11 0.18323268
0.018375712 -0.00062581701 0.18212391
0.075407351 -0.0044840328 0.18392702
0.017471923 -0.0018563781 0.1788358
-0.092674032 0.0029982269 0.18700451
-0.092674032 -0.0029982269 0.18700451
0.1109425 0.0037566655 0.32902636
0.027241914 0.00050467284 0.32750506
0.026264941 0.0015333786 0.32470627
-0.05472521 6.2578456e-11 0.32839253
0.027241914 -0.0005046727 0.32750506
0.1109425 -0.0037566654 0.32902636
0.026264941 -0.0015333784 0.32470627
-0.13697121 0.0025479065 0.3315454
-0.13697121 -0.0025479064 0.3315454
0.14049539 0.0030649329 0.5228936
0.034630023 0.0004101593 0.52164387
0.033659191 0.0012498128 0.51936063
-0.069505521 5.3926076e-11 0.5223608
0.034630023 -0.00041015923 0.52164387
0.14049539 -0.0030649329 0.5228936
0.033659191 -0.0012498128 0.51936063
-0.17391734 0.0020853259 0.52493573
-0.17391734 -0.0020853258 0.52493573
0.010814975 -6.9736174e-05 0.067757251
0.0067417742 -6.3908142e-05 0.067693188
0.0067397679 -2.2137542e-05 0.067721239
0.011360943 -0.00011264189 0.076200982
0.0070241712 -0.00011194464 0.076065853
0.0070254644 -3.5992194e-05 0.076105032
0.011077415 3.863904e-12 0.07189904
0.011071652 -0.00017034925 0.071838366
0.002735695 -2.332589e-05 0.071826945
0.0026849374 -3.2303889e-05 0.067648269
0.00675344 -0.00010122426 0.067638956
0.0027927471 -6.4703659e-05 0.075971537
0.0070392537 -0.00019848169 0.075991242
0.0027546294 -5.47287e-05 0.071698235
0.010839888 -0.00019017584 0.067657011
0.0067758779 -0.0001418544 0.067561325
0.011366625 -0.00036191064 0.076044701
0.0071425822 -0.00029104489 0.075878486
0.01118515 -0.00029225844 0.071682184
-0.0013679483 1.9357374e-05 0.06761876
-0.0013564366 9.8391079e-06 0.06767319
-0.0014365718 3.7912626e-05 0.075913339
-0.0014179853 2.4831121e-05 0.075991058
-0.00553479 6.0402388e-05 0.071792568
0.011366625 0.00036191065 0.076044701
0.0070392537 0.0001984817 0.075991242
0.0071425822 0.0002910449 0.075878486
0.033668147 0.0061339013 0.095543558
0.020438521 0.0033550906 0.094090566
0.020980923 0.0049462963 0.092202619
0.024054762 0.0066637572 0.083277737
0.022416248 0.0024588924 0.085934056
0.0054305694 0.0013471853 0.080830945
0.0027927471 6.4703666e-05 0.075971537
0.0070241712 0.00011194465 0.076065853
0.007801312 0.001159042 0.093487924
0.020335237 0.0018891619 0.095410887
0.0051672832 0.00035093549 0.08270055
0.011360943 0.00011264189 0.076200982
0.0070254644 3.59922e-05 0.076105032
0.033664311 0.0018590428 0.098263914
0.020369403 0.00060965957 0.096038706
0.02272767 1.4967827e-11 0.086737084
-0.0014179853 -2.4831116e-05 0.075991058
-0.0014365718 -3.791262e-05 0.075913339
-0.004281095 -0.00045683636 0.093866626
-0.0046710186 -0.00076272133 0.092408346
-0.011343737 -0.0023810058 0.082564847
0.055146996 0.006978395 0.13057561
0.033816133 0.0038555694 0.12950916
0.033589385 0.0054156425 0.12714885
0.044810377 0.0090955865 0.10847115
0.04456271 0.0045043439 0.11285629
0.010286399 0.0019730841 0.10737304
0.013129689 0.001342888 0.12927716
0.033963832 0.0022977232 0.13114557
0.010676419 0.00064138972 0.11047432
0.055357613 0.0023366769 0.13385904
0.03404523 0.00076158036 0.13197288
0.044686329 4.1394826e-11 0.11444277
-0.0070708079 -0.00039978016 0.12984954
-0.0076163916 -0.0007066241 0.12810724
-0.022253219 -0.0026240674 0.10982841
0.0027963508 2.2250092e-12 0.076043294
0.0079223125 1.4700142e-11 0.094741346
0.020369403 -0.00060965953 0.096038706
0.0051672832 -0.00035093547 0.08270055
-0.016170793 0.0013507711 0.095066387
-0.0040373254 0.00014902364 0.094489865
-0.004281095 0.00045683638 0.093866626
-0.027047884 0.0012487633 0.13122665
-0.0068131397 0.00013095403 0.13069688
-0.0070708079 0.00039978022 0.12984954
-0.022253219 0.0026240674 0.10982841
-0.021500024 8.4540854e-12 0.11155974
0.010676419 -0.00064138967 0.11047432
-0.0040373254 -0.00014902362 0.094489865
0.013432614 3.678523e-11 0.1309237
-0.0068131397 -0.00013095397 0.13069688
-0.016170793 -0.0013507711 0.095066387
-0.027047884 -0.0012487633 0.13122665
0.03404523 -0.00076158027 0.13197288
0.033664311 -0.0018590428 0.098263914
0.020335237 -0.0018891619 0.095410887
0.022416248 -0.0024588923 0.085934056
0.007801312 -0.001159042 0.093487924
0.020438521 -0.0033550906 0.094090566
0.0054305694 -0.0013471853 0.080830945
0.033668147 -0.0061339012 0.095543558
0.020980923 -0.0049462963 0.092202619
0.024054762 -0.0066637572 0.083277737
-0.0046710186 0.00076272135 0.092408346
-0.011343737 0.0023810058 0.082564847
0.055357613 -0.0023366768 0.13385904
0.033963832 -0.0022977231 0.13114557
0.04456271 -0.0045043438 0.11285629
0.013129689 -0.0013428879 0.12927716
0.033816133 -0.0038555693 0.12950916
0.010286399 -0.0019730841 0.10737304
0.055146996 -0.0069783948 0.13057561
0.033589385 -0.0054156424 0.12714885
0.044810377 -0.0090955864 0.10847115
-0.0076163917 0.00070662416 0.12810724
-0.028186376 -0.0012816186 0.097013464
-0.028846989 -0.0036467298 0.096261311
-0.047121657 -0.0011212713 0.13337642
-0.047560819 -0.0033730853 0.13243532
-0.054709214 -0.0033388012 0.1157629
-0.040839347 -1.0831781e-11 0.099776726
-0.028186376 0.0012816186 0.097013464
-0.067579314 -9.6371122e-12 0.13623862
-0.047121657 0.0011212713 0.13337642
-0.054709214 0.0033388012 0.1157629
-0.028846989 0.0036467298 0.096261311
-0.047560819 0.0033730854 0.13243532
-0.054544693 0.0021502814 0.10346593
-0.054544693 -0.0021502815 0.10346593
-0.08859251 0.0020801795 0.13976254
-0.08859251 -0.0020801796 0.13976254
-0.089596205 -3.6531262e-11 0.12449793
0.075132349 0.0066476571 0.18195084
0.046236317 0.0036482137 0.1810226
0.045775231 0.0051208094 0.17870659
0.065064206 0.0090393334 0.15181069
0.065542419 0.0046267132 0.15635943
0.015111563 0.0019348222 0.15109875
0.018044736 0.0012483829 0.18088242
0.046543504 0.0021879623 0.18264702
0.01592 0.00065593455 0.15444378
0.075579564 0.0022579001 0.18516052
0.046696689 0.00072944558 0.18347583
0.065727698 6.6313016e-11 0.15804346
-0.0096618449 -0.00038695269 0.18148142
-0.010283455 -0.00067301299 0.17977151
-0.032765982 -0.0024382611 0.15379055
0.093616031 0.0061139788 0.24798539
0.057768058 0.0033390145 0.2471327
0.057263857 0.0047036941 0.24498364
0.08419394 0.0084115988 0.21085426
0.084868452 0.0043065188 0.21513287
0.019781316 0.0017713486 0.21022698
0.022628643 0.0011239277 0.24700467
0.058125048 0.0019983057 0.24864564
0.02073266 0.00059215582 0.21341147
0.094147307 0.0020746312 0.25096245
0.058308614 0.00066567292 0.24941984
0.085130132 7.6961407e-11 0.21672924
-0.012018795 -0.00037753652 0.24755265
-0.01265984 -0.00064148001 0.24596833
-0.04246871 -0.0022719032 0.21276832
-0.037134606 0.0011670744 0.18279747
-0.0093612328 0.00012669294 0.1823291
-0.0096618449 0.00038695279 0.18148142
-0.032765982 0.0024382612 0.15379055
-0.032009323 2.7868229e-11 0.15559614
0.01592 -0.00065593445 0.15444378
0.018484115 5.7333529e-11 0.18253987
-0.0093612328 -0.00012669284 0.1823291
-0.037134606 -0.0011670744 0.18279747
0.046696689 -0.00072944545 0.18347583
-0.046415767 0.0010878151 0.24875318
-0.011699533 0.00012513697 0.24834272
-0.012018795 0.00037753665 0.24755265
-0.04246871 0.0022719033 0.21276832
-0.041677072 4.8724344e-11 0.21446223
0.02073266 -0.0005921557 0.21341147
0.023117623 6.8643429e-11 0.24855394
-0.011699533 -0.00012513684 0.24834272
-0.046415767 -0.001087815 0.24875318
0.058308614 -0.00066567277 0.24941984
0.075579564 -0.0022579 0.18516052
0.046543504 -0.0021879622 0.18264702
0.065542419 -0.004626713 0.15635943
0.018044736 -0.0012483828 0.18088242
0.046236317 -0.0036482136 0.1810226
0.015111563 -0.0019348221 0.15109875
0.075132349 -0.006647657 0.18195084
0.045775231 -0.0051208093 0.17870659
0.065064206 -0.0090393333 0.15181069
-0.010283455 0.00067301309 0.17977151
0.094147307 -0.002074631 0.25096245
0.058125048 -0.0019983056 0.24864564
0.084868452 -0.0043065186 0.21513287
0.022628643 -0.0011239276 0.24700467
0.057768058 -0.0033390144 0.2471327
0.019781316 -0.0017713485 0.21022698
0.093616031 -0.0061139787 0.24798539
0.057263857 -0.004703694 0.24498364
0.08419394 -0.0084115986 0.21085426
-0.01265984 0.00064148013 0.24596833
-0.064635786 -0.0010424399 0.18479814
-0.065098956 -0.0031357426 0.18390231
-0.080468569 -0.0031059125 0.15953522
-0.092410214 8.35401e-12 0.18744711
-0.064635786 0.00104244 0.18479814
-0.080468569 0.0031059125 0.15953522
-0.065098956 0.0031357427 0.18390231
-0.12066926 0.0019556295 0.19072757
-0.12066926 -0.0019556295 0.19072757
-0.12988558 -3.6414609e-11 0.16780978
-0.080812201 -0.00096645703 0.25058066
-0.08129148 -0.0029023972 0.24976017
-0.10443023 -0.0028883495 0.21807173
-0.11545474 3.7438237e-11 0.25301324
-0.080812201 0.00096645713 0.25058066
-0.10443023 0.0028883496 0.21807173
-0.08129148 0.0029023973 0.24976017
-0.15058409 0.0018134539 0.25604511
-0.15058409 -0.0018134538 0.25604511
-0.16801011 -1.960455e-11 0.2257666
0.11061191 0.0055800413 0.3273518
0.068388927 0.0030412425 0.32656716
0.06788524 0.004292433 0.32460175
0.10192364 0.0077106549 0.28389783
0.10262815 0.0039365247 0.28782866
0.024187546 0.0016088269 0.28331158
0.026869222 0.0010161732 0.32644401
0.0687545 0.0018170206 0.32795155
0.025164551 0.00053117151 0.28624189
0.11116052 0.0018899397 0.33007446
0.068945357 0.00060470582 0.32866028
0.10291753 7.7550496e-11 0.28929722
-0.01415736 -0.00035452344 0.32693674
-0.014798877 -0.00059665432 0.32549078
-0.05136841 -0.0020981138 0.28562916
0.12612814 0.0050635971 0.41890093
0.07808798 0.0027582298 0.41818599
0.077588426 0.003895281 0.41640212
0.11818435 0.0070238451 0.36968836
0.11888522 0.0035806768 0.37326993
0.028252088 0.0014606449 0.36914692
0.030748125 0.00091969046 0.41807136
0.07845294 0.0016468932 0.41944232
0.029227208 0.00047991717 0.37181516
0.12667693 0.0017135941 0.42137222
0.078644349 0.00054787215 0.42008543
0.1191802 6.8691717e-11 0.37460775
-0.016099183 -0.00032446674 0.41851518
-0.016738827 -0.00054472015 0.41720427
-0.059503635 -0.0019180332 0.37124863
-0.054926574 0.0010012116 0.32802507
-0.013834317 0.00011818026 0.32765877
-0.01415736 0.00035452357 0.32693674
-0.05136841 0.0020981139 0.28562916
-0.050565104 6.0413046e-11 0.28717908
0.025164551 -0.00053117137 0.28624189
0.027367818 6.8960793e-11 0.32786183
-0.013834317 -0.00011818012 0.32765877
-0.054926574 -0.0010012115 0.32802507
0.068945357 -0.00060470568 0.32866028
-0.062687592 0.00091117017 0.4194997
-0.015776231 0.00010834217 0.41916975
-0.016099183 0.00032446686 0.41851518
-0.059503635 0.0019180333 0.37124863
-0.05869849 6.3776581e-11 0.37265692
0.029227208 -0.00047991704 0.37181516
0.031246455 5.8656493e-11 0.4193575
-0.015776231 -0.00010834205 0.41916975
-0.062687592 -0.00091117005 0.4194997
0.078644349 -0.00054787203 0.42008543
0.11116052 -0.0018899395 0.33007446
0.0687545 -0.0018170205 0.32795155
0.10262815 -0.0039365245 0.28782866
0.026869222 -0.001016173 0.32644401
0.068388927 -0.0030412424 0.32656716
0.024187546 -0.0016088267 0.28331158
0.11061191 -0.0055800411 0.3273518
0.06788524 -0.0042924329 0.32460175
0.10192364 -0.0077106548 0.28389783
-0.014798877 0.00059665445 0.32549078
0.12667693 -0.001713594 0.42137222
0.07845294 -0.0016468931 0.41944232
0.11888522 -0.0035806767 0.37326993
0.030748125 -0.00091969034 0.41807136
0.07808798 -0.0027582297 0.41818599
0.028252088 -0.0014606448 0.36914692
0.12612814 -0.005063597 0.41890093
0.077588426 -0.0038952808 0.41640212
0.11818435 -0.0070238449 0.36968836
-0.016738827 0.00054472027 0.41720427
-0.095685909 -0.00088752123 0.32968912
-0.096171081 -0.0026635126 0.32894269
-0.12658197 -0.0026626203 0.29048031
-0.13668623 5.8344455e-11 0.33191311
-0.095685909 0.00088752135 0.32968912
-0.12658197 0.0026626204 0.29048031
-0.096171081 0.0026635127 0.32894269
-0.17817932 0.0016646529 0.33469327
-0.17817932 -0.0016646528 0.33469327
-0.20341492 1.9976677e-11 0.29756692
-0.10926405 -0.00080723776 0.42100831
-0.10975066 -0.0024220801 0.42033219
-0.14690007 -0.0024325917 0.3756637
-0.1560811 7.6671424e-11 0.42302794
-0.10926405 0.0008072379 0.42100831
-0.14690007 0.0024325918 0.3756637
-0.10975066 0.0024220802 0.42033219
-0.20339362 0.0015137561 0.42555531
-0.20339362 -0.0015137559 0.42555531
-0.23592226 7.9343294e-11 0.38213437
0.14016674 0.0045552138 0.52152619
0.086862962 0.0024811158 0.52088228
0.086365281 0.0035042549 0.51927766
0.13296486 0.0063499558 0.46710382
0.13366124 0.0032357368 0.47034156
0.031949594 0.0013194775 0.4666121
0.034258586 0.00082704794 0.52077841
0.087226825 0.001481228 0.52201221
0.032921339 0.00043305266 0.46902288
0.14071395 0.0015412055 0.5237492
0.087417798 0.00049271246 0.52259055
0.13395619 4.9218101e-11 0.47155066
-0.017853697 -0.00029230499 0.52117677
-0.018492367 -0.00049059048 0.51999809
-0.066893039 -0.0017357856 0.46850877
0.15272784 0.004048901 0.63412396
0.094713942 0.0022053675 0.63355152
0.09421675 0.003114765 0.63212535
0.14626572 0.0056806956 0.57504261
0.14696033 0.002894514 0.57793896
0.035276065 0.0011803348 0.57460236
0.037399329 0.00073516314 0.63345909
0.095077315 0.0013165951 0.63455574
0.036246383 0.00038736503 0.57675846
0.15327422 0.0013698591 0.63609977
0.095268005 0.00043794479 0.63506971
0.1472547 1.3590103e-11 0.57902045
-0.019423377 -0.00025979485 0.63381303
-0.020061746 -0.00043606609 0.63276553
-0.073542556 -0.0015530781 0.57629837
-0.069707074 0.00082016895 0.52206156
-0.017531164 9.7630486e-05 0.52176521
-0.017853697 0.00029230508 0.52117677
-0.066893039 0.0017357857 0.46850877
-0.066088199 5.9343953e-11 0.46978028
0.032921339 -0.00043305255 0.46902288
0.034755865 3.792417e-11 0.52193485
-0.017531164 -9.7630396e-05 0.52176521
-0.069707074 -0.00082016884 0.52206156
0.087417798 -0.00049271239 0.52259055
-0.07598737 0.00072902104 0.63459931
-0.019101051 8.6770761e-05 0.63433593
-0.019423377 0.00025979488 0.63381303
-0.073542556 0.0015530782 0.57629837
-0.072738068 4.2889423e-11 0.57743535
0.036246383 -0.00038736498 0.57675846
0.037896101 8.557156e-12 0.63448678
-0.019101051 -8.6770726e-05 0.63433593
-0.07598737 -0.00072902098 0.63459931
0.095268005 -0.00043794479 0.63506971
0.14071395 -0.0015412054 0.5237492
0.087226825 -0.0014812279 0.52201221
0.13366124 -0.0032357367 0.47034156
0.034258586 -0.00082704786 0.52077841
0.086862962 -0.0024811158 0.52088228
0.031949594 -0.0013194774 0.4666121
0.14016674 -0.0045552138 0.52152619
0.086365281 -0.0035042548 0.51927766
0.13296486 -0.0063499557 0.46710382
-0.018492367 0.00049059058 0.51999809
0.15327422 -0.0013698591 0.63609977
0.095077315 -0.0013165951 0.63455574
0.14696033 -0.002894514 0.57793896
0.037399329 -0.00073516313 0.63345909
0.094713942 -0.0022053675 0.63355152
0.035276065 -0.0011803347 0.57460236
0.15272784 -0.004048901 0.63412396
0.09421675 -0.003114765 0.63212535
0.14626572 -0.0056806956 0.57504261
-0.020061746 0.00043606613 0.63276553
-0.1215484 -0.00072656926 0.52341822
-0.12203514 -0.0021799522 0.52281043
-0.16537342 -0.0022011731 0.47249858
-0.17363061 7.5596417e-11 0.52523527
-0.1215484 0.00072656939 0.52341822
-0.16537342 0.0022011733 0.47249858
-0.12203514 0.0021799524 0.52281043
-0.22620907 0.0013623774 0.52750977
-0.22620907 -0.0013623772 0.52750977
-0.2654825 9.7983493e-11 0.47835227
-0.13253953 -0.00064583514 0.63580505
-0.13302616 -0.0019377209 0.63526493
-0.18199934 -0.0019694612 0.57986711
-0.18933277 5.0848081e-11 0.63742011
-0.13253953 0.00064583522 0.63580505
-0.18199934 0.0019694614 0.57986711
-0.13302616 0.0019377209 0.63526493
-0.2466224 0.001210966 0.63944182
-0.2466224 -0.0012109659 0.63944182
-0.29208571 1.0361373e-10 0.58510422
0.011074018 -8.8958514e-05 0.07188318
0.0068797292 -8.3233504e-05 0.071826831
0.00687973 -2.8540377e-05 0.071858764
0.0027359958 -4.1799445e-05 0.07177662
0.0068956027 -0.0001289631 0.071766089
0.011100202 -0.00023469849 0.071771376
0.0069521064 -0.00016611278 0.071677895
-0.0014020024 2.1193619e-05 0.07173531
-0.0013875691 1.046096e-05 0.071801052
0.022234082 0.0040783192 0.084820396
0.013241815 0.0021920489 0.082698375
0.014220222 0.0037563599 0.081228197
0.0051129496 0.00076562475 0.082126028
0.013199873 0.001191842 0.083500838
0.022637326 0.0011710725 0.086543465
0.013226962 0.00038140661 0.083859899
-0.0027622834 -0.00032374844 0.082375887
-0.0030668483 -0.00072780232 0.081380979
0.044589218 0.0068219895 0.110913
0.027266852 0.0037765364 0.10969144
0.027327804 0.0053657935 0.10744783
0.010525771 0.00131523 0.10932676
0.027279517 0.0022120834 0.11122646
0.044637898 0.002218269 0.11404761
0.027324283 0.00072497368 0.11199796
-0.0057017612 -0.00042531519 0.10980741
-0.0061821251 -0.00073974911 0.10814403
0.0051962989 5.8720209e-12 0.082872108
0.013226962 -0.00038140659 0.083859899
-0.021694796 0.0013061705 0.11114623
-0.0054586617 0.0001471874 0.11059136
-0.0057017612 0.00042531522 0.10980741
0.010735383 2.4155715e-11 0.11085061
-0.0054586617 -0.00014718736 0.11059136
-0.021694796 -0.0013061705 0.11114623
0.027324283 -0.00072497361 0.11199796
0.022637326 -0.0011710725 0.086543465
0.013199873 -0.001191842 0.083500838
0.0051129496 -0.00076562473 0.082126028
0.013241815 -0.0021920489 0.082698375
0.022234082 -0.0040783192 0.084820396
0.014220222 -0.0037563599 0.081228197
-0.0030668484 0.00072780233 0.081380979
-0.0027622834 0.00032374845 0.082375887
0.044637898 -0.0022182689 0.11404761
0.027279517 -0.0022120834 0.11122646
0.010525771 -0.0013152299 0.10932676
0.027266852 -0.0037765363 0.10969144
0.044589218 -0.0068219894 0.110913
0.027327804 -0.0053657935 0.10744783
-0.0061821252 0.00073974916 0.10814403
-0.037833962 -0.0011703464 0.11329201
-0.038288541 -0.003524569 0.11238798
-0.054473654 -1.218018e-11 0.11620807
-0.037833962 0.0011703464 0.11329201
-0.038288541 0.003524569 0.11238798
-0.071812866 0.0021530158 0.1198388
-0.071812866 -0.0021530159 0.1198388
0.065327792 0.0068684053 0.15433461
0.040136283 0.0037826995 0.1533522
0.039751712 0.005303116 0.15098422
0.015630285 0.0013074926 0.15318569
0.040382251 0.0022667856 0.15500499
0.065679887 0.0023255351 0.15761886
0.040504427 0.00075495485 0.15584546
-0.0083944968 -0.00038919894 0.1537898
-0.0089875485 -0.00068663233 0.1520423
0.084561037 0.0063856309 0.21322542
0.052114772 0.0034944486 0.21233749
0.051621247 0.0049144036 0.21009972
0.020378034 0.0011846002 0.21220639
0.052455525 0.0020938505 0.213911
0.085063703 0.0021689243 0.21632566
0.052628303 0.00069791474 0.21471543
-0.010869343 -0.00038404036 0.21278264
-0.011505011 -0.00065897774 0.21113127
-0.032194268 0.0012051433 0.1551511
-0.0081133003 0.00012700662 0.15465028
-0.0083944968 0.00038919901 0.1537898
0.016013923 4.8196397e-11 0.15486387
-0.0081133003 -0.00012700654 0.15465028
-0.032194268 -0.0012051432 0.1551511
0.040504427 -0.00075495473 0.15584546
-0.041873419 0.0011284931 0.21404206
-0.010556512 0.00012661385 0.21360444
-0.010869343 0.00038404047 0.21278264
0.020850252 6.4162075e-11 0.213816
-0.010556512 -0.00012661374 0.21360444
-0.041873419 -0.001128493 0.21404206
0.052628303 -0.0006979146 0.21471543
0.065679887 -0.002325535 0.15761886
0.040382251 -0.0022667855 0.15500499
0.015630285 -0.0013074925 0.15318569
0.040136283 -0.0037826994 0.1533522
0.065327792 -0.0068684052 0.15433461
0.039751712 -0.0053031159 0.15098422
-0.0089875486 0.00068663241 0.1520423
0.085063703 -0.0021689241 0.21632566
0.052455525 -0.0020938503 0.213911
0.020378034 -0.0011846001 0.21220639
0.052114772 -0.0034944485 0.21233749
0.084561037 -0.0063856308 0.21322542
0.051621247 -0.0049144035 0.21009972
-0.011505011 0.00065897784 0.21113127
-0.056050573 -0.0010795921 0.15723556
-0.056500801 -0.0032520133 0.15630836
-0.080218368 -5.7499392e-12 0.15999536
-0.056050573 0.0010795922 0.15723556
-0.056500801 0.0032520133 0.15630836
-0.10488592 0.0020221074 0.16339832
-0.10488592 -0.0020221074 0.16339832
-0.072887853 -0.0010048672 0.21595534
-0.073360732 -0.0030198774 0.21509665
-0.10415696 2.3542927e-11 0.21849493
-0.072887853 0.0010048673 0.21595534
-0.073360732 0.0030198775 0.21509665
-0.13590975 0.0018858792 0.2216516
-0.13590975 -0.0018858792 0.2216516
0.10229923 0.0058444649 0.28607586
0.063193349 0.0031877198 0.28525712
0.062687821 0.0044958894 0.28319982
0.02479331 0.0010680227 0.28513116
0.063556977 0.0019058443 0.28670611
0.1028433 0.0019811011 0.28892577
0.063745739 0.00063452181 0.28744785
-0.013113723 -0.00036737844 0.28565072
-0.013755848 -0.00062041305 0.28413573
0.11855477 0.0053202148 0.37167294
0.073353925 0.0028985188 0.37092291
0.072852542 0.0040926231 0.36904866
0.028854511 0.00096710144 0.3708036
0.073719489 0.0017310359 0.37224302
0.11910416 0.0018009854 0.37426939
0.073910932 0.00057594468 0.37291882
-0.015152032 -0.00033997007 0.37127123
-0.015792548 -0.0005711759 0.36989328
-0.050765809 0.0010451924 0.28679392
-0.012791623 0.00012220729 0.28640695
-0.013113723 0.00036737857 0.28565072
0.02528954 6.9468814e-11 0.28661531
-0.012791623 -0.00012220715 0.28640695
-0.050765809 -0.0010451923 0.28679392
0.063745739 -0.00063452167 0.28744785
-0.058900086 0.00095641202 0.37230687
-0.014828889 0.00011345736 0.37195933
-0.015152032 0.0003399702 0.37127123
0.029353335 6.5091477e-11 0.37215531
-0.014828889 -0.00011345724 0.37195933
-0.058900086 -0.00095641189 0.37230687
0.073910932 -0.00057594454 0.37291882
0.1028433 -0.0019811009 0.28892577
0.063556977 -0.0019058441 0.28670611
0.02479331 -0.0010680225 0.28513116
0.063193349 -0.0031877197 0.28525712
0.10229923 -0.0058444648 0.28607586
0.062687821 -0.0044958893 0.28319982
-0.013755848 0.00062041317 0.28413573
0.11910416 -0.0018009853 0.37426939
0.073719489 -0.0017310357 0.37224302
0.028854511 -0.00096710131 0.3708036
0.073353925 -0.0028985186 0.37092291
0.11855477 -0.0053202146 0.37167294
0.072852542 -0.004092623 0.36904866
-0.015792548 0.00057117602 0.36989328
-0.088411211 -0.00092725514 0.28853838
-0.088894308 -0.0027834638 0.28775545
-0.12629902 4.706871e-11 0.29086592
-0.088411211 0.00092725525 0.28853838
-0.088894308 0.0027834639 0.28775545
-0.16467702 0.0017395017 0.29377219
-0.16467702 -0.0017395016 0.29377219
-0.10263677 -0.00084746671 0.37389252
-0.10312296 -0.0025429576 0.37318161
-0.14661404 6.8679252e-11 0.37601399
-0.10263677 0.00084746684 0.37389252
-0.10312296 0.0025429578 0.37318161
-0.19108577 0.0015893238 0.3786678
-0.19108577 -0.0015893237 0.3786678
0.13333212 0.004808901 0.46889796
0.082590991 0.002619326 0.46821843
0.082092631 0.0036993912 0.46652437
0.032549552 0.00087316303 0.46810903
0.082955324 0.0015637984 0.46941142
0.13388005 0.0016271487 0.47124487
0.083146515 0.00052019327 0.47002207
-0.016999608 -0.00030848871 0.46852988
-0.017638646 -0.00051776655 0.46728531
0.14663199 0.0043019797 0.5766476
0.090903933 0.0023431984 0.5760394
0.09040659 0.0033094534 0.57452405
0.035875175 0.00078108933 0.57594122
0.091267492 0.0013988788 0.57710643
0.1471787 0.0014554914 0.57874695
0.091458299 0.00046531589 0.57765257
-0.018661607 -0.00027605285 0.57631732
-0.019300077 -0.00046333482 0.57520429
-0.0662898 0.00086571434 0.46946427
-0.016676889 0.00010302953 0.46915127
-0.016999608 0.00030848882 0.46852988
0.033047294 5.0077494e-11 0.46933014
-0.016676889 -0.00010302942 0.46915127
-0.0662898 -0.00086571422 0.46946427
0.083146515 -0.00052019317 0.47002207
-0.072939578 0.00077459547 0.5771528
-0.018339199 9.220215e-05 0.57687295
-0.018661607 0.00027605292 0.57631732
0.036372144 2.0009082e-11 0.57703322
-0.018339199 -9.2202085e-05 0.57687295
-0.072939578 -0.00077459538 0.5771528
0.091458299 -0.00046531586 0.57765257
0.13388005 -0.0016271486 0.47124487
0.082955324 -0.0015637983 0.46941142
0.032549552 -0.00087316292 0.46810903
0.082590991 -0.0026193259 0.46821843
0.13333212 -0.0048089009 0.46889796
0.082092631 -0.0036993911 0.46652437
-0.017638646 0.00051776667 0.46728531
0.1471787 -0.0014554914 0.57874695
0.091267492 -0.0013988788 0.57710643
0.035875175 -0.00078108928 0.57594122
0.090903933 -0.0023431983 0.5760394
0.14663199 -0.0043019797 0.5766476
0.09040659 -0.0033094534 0.57452405
-0.019300076 0.00046333489 0.57520429
-0.1155679 -0.00076692238 0.47089667
-0.11605464 -0.0023010482 0.47025485
-0.16508673 7.840407e-11 0.47281488
-0.1155679 0.00076692252 0.47089667
-0.11605464 0.0023010483 0.47025485
-0.21510156 0.0014380843 0.47521581
-0.21510156 -0.0014380841 0.47521581
-0.1272056 -0.00068620307 0.57843395
-0.1276923 -0.0020588367 0.57786003
-0.18171263 6.6177489e-11 0.58014997
-0.1272056 0.00068620318 0.57843395
-0.1276923 0.0020588368 0.57786003
-0.23671601 0.0012866671 0.58229806
-0.23671601 -0.0012866669 0.58229806
