FiniteElementSpace
FiniteElementCollection: H1_3D_P1
VDim: 3
Ordering: 1

0.0065776874 0.00032081819 0.020882206
0.0091782109 0.00026621667 0.044886264
0.01154377 0.00049618934 0.075933131
0.0065776874 -0.00032081819 0.020882206
0.0091782109 -0.00026621666 0.044886264
-0.013145903 -5.5368495e-12 0.02145043
-0.018347629 4.446036e-12 0.045357269
-0.023092039 1.3100165e-11 0.076811749
0.0065974687 -5.2406547e-13 0.021106854
-0.0032967784 8.769989e-05 0.020953152
-0.0032967784 -8.7699893e-05 0.020953152
0.0091982306 7.9609618e-12 0.045072806
-0.0045969187 7.3243767e-05 0.044944036
-0.0045969187 -7.3243753e-05 0.044944036
0.0079372293 0.00029406018 0.031908321
0.0079372293 -0.00029406017 0.031908321
-0.015864922 -4.2230352e-12 0.032429063
0.011367864 3.0155199e-12 0.076223151
-0.0056806928 0.00012839394 0.07599443
-0.0056806928 -0.00012839394 0.07599443
0.010307813 0.00023975008 0.059629352
0.010307813 -0.00023975007 0.059629352
-0.020614993 1.897243e-11 0.060054605
0.0079571427 4.7441278e-12 0.032114213
-0.0039765986 8.0388713e-05 0.031973309
-0.0039765986 -8.0388708e-05 0.031973309
0.010309439 5.1989573e-12 0.059803494
-0.005152185 6.6240994e-05 0.059687915
-0.005152185 -6.6240979e-05 0.059687915
0.0065915761 0.00016347663 0.021045777
0.0016381496 2.188308e-05 0.02097912
0.001618745 6.6666468e-05 0.020857356
-0.0032806861 -1.3170886e-12 0.021017363
0.0016381496 -2.188308e-05 0.02097912
0.0065915761 -0.00016347663 0.021045777
0.001618745 -6.6666469e-05 0.020857356
-0.0082050433 0.00011121295 0.021154696
-0.0082050433 -0.00011121295 0.021154696
0.0079512176 0.00014984029 0.032058242
0.001978048 2.0062121e-05 0.031997106
0.0019585647 6.110876e-05 0.031885538
0.0072722524 0.00030746357 0.026140304
0.0072920533 1.4135359e-12 0.026355595
-0.0036440697 -8.4042796e-05 0.026208305
-0.0039604881 2.8816197e-12 0.032032133
0.001978048 -2.0062113e-05 0.031997106
-0.0036440697 8.4042797e-05 0.026208305
0.0079512176 -0.00014984028 0.032058242
0.0019585647 -6.1108752e-05 0.031885538
0.0072722524 -0.00030746356 0.026140304
-0.009904489 0.00010194081 0.032158008
-0.009904489 -0.00010194081 0.032158008
-0.014535016 -6.8170624e-12 0.026684852
0.0091925693 0.00013530472 0.045022102
0.0022884698 1.7891113e-05 0.04496612
0.0022687776 5.4971717e-05 0.044865182
0.0085725572 0.00028043445 0.038164289
0.0085926887 7.3327526e-12 0.038360628
-0.0042943061 -7.6760384e-05 0.03822598
-0.0045808713 6.8399428e-12 0.04499701
0.0022884698 -1.7891098e-05 0.04496612
-0.0042943061 7.6760394e-05 0.03822598
0.0091925693 -0.0001353047 0.045022102
0.0022687776 -5.4971703e-05 0.044865182
0.0085725572 -0.00028043443 0.038164289
-0.011456249 9.2769646e-05 0.045110908
-0.011456249 -9.2769634e-05 0.045110908
-0.017135642 -1.6996721e-12 0.038660726
0.010309954 0.00012058101 0.059755576
0.0025673367 1.4594436e-05 0.059709169
0.0025553015 4.6737986e-05 0.059612731
0.0097548852 0.00025139037 0.052051073
0.0097719069 6.8049736e-12 0.052228443
-0.0048835663 -6.9980746e-05 0.052105115
-0.0051370414 7.3942288e-12 0.05973559
0.0025673367 -1.4594425e-05 0.059709169
-0.0048835663 6.9980761e-05 0.052105115
0.010309954 -0.000120581 0.059755576
0.0025553015 -4.6737974e-05 0.059612731
0.0097548852 -0.00025139036 0.052051073
-0.012861797 8.4528564e-05 0.059831914
-0.012861797 -8.452854e-05 0.059831914
-0.01950339 1.2734246e-11 0.052495853
0.011349353 0.00023193837 0.076137191
0.002793755 2.9684934e-05 0.076025277
0.0028341845 0.00010329186 0.075875158
0.010866965 0.00025338348 0.067579564
0.010815225 4.2098465e-12 0.067770716
-0.005403886 -5.8171159e-05 0.067671136
-0.0055961094 1.6431668e-12 0.076073432
0.002793755 -2.9684928e-05 0.076025277
-0.005403886 5.8171169e-05 0.067671136
0.010866965 -0.00025338347 0.067579564
-0.014170732 0.00015487299 0.076297774
-0.014170732 -0.00015487298 0.076297774
-0.021743956 2.0644853e-11 0.068031406
-0.016796366 -0.002646475 0.093925992
-0.016796366 0.002646475 0.093925992
-0.069053057 -4.1392882e-11 0.10809567
0.0072861541 0.00015667704 0.026297064
0.0018117915 2.0977462e-05 0.026233181
0.0017923764 6.3896853e-05 0.026116496
-0.0036279741 2.8644824e-13 0.026269838
0.0018117915 -2.097746e-05 0.026233181
0.0072861541 -0.00015667704 0.026297064
0.0017923764 -6.389685e-05 0.026116496
-0.0090732487 0.00010657608 0.026401452
-0.0090732487 -0.00010657609 0.026401452
0.0085867604 0.00014282523 0.038307263
0.0021369343 1.908621e-05 0.038248779
0.002117296 5.8217077e-05 0.038142451
-0.0042781823 5.1540163e-12 0.03828199
0.0021369343 -1.9086197e-05 0.038248779
0.0085867604 -0.00014282522 0.038307263
0.002117296 -5.8217065e-05 0.038142451
-0.010698779 9.7320538e-05 0.038402032
-0.010698779 -9.7320533e-05 0.038402032
0.0097676721 0.00012709806 0.052180107
0.0024324822 1.6222191e-05 0.05212702
0.0024140985 5.0981188e-05 0.052030806
-0.0048679292 7.8116924e-12 0.052154912
0.0024324822 -1.6222177e-05 0.05212702
0.0097676721 -0.00012709805 0.052180107
0.0024140985 -5.0981174e-05 0.052030806
-0.012177306 8.8445695e-05 0.052261645
-0.012177306 -8.8445676e-05 0.052261645
0.01081969 0.00013289997 0.067718374
0.0026849661 1.7681993e-05 0.06769182
0.0026886481 4.7230796e-05 0.067579547
-0.0053762654 5.2078514e-12 0.067725668
0.0026849661 -1.7681985e-05 0.06769182
0.01081969 -0.00013289997 0.067718374
0.0026886481 -4.7230787e-05 0.067579547
-0.013503013 7.7103999e-05 0.067812031
-0.013503013 -7.7103977e-05 0.067812031
0.0078798519 0.00054637486 0.094444107
-0.015891768 8.309256e-13 0.095365795
0.0078798519 -0.00054637483 0.094444107
-0.041180781 0.0035234353 0.099400262
-0.041180781 -0.0035234354 0.099400262
0.0065850079 0.00024296155 0.020972848
0.0041008754 0.00013234132 0.020938506
0.0040909326 0.00018690575 0.020852927
0.0072795791 0.00023285271 0.026227172
0.0045349786 0.0001268396 0.026194261
0.0045250292 0.00017912867 0.026112248
0.0069286665 0.00031414205 0.023446137
0.0069425553 0.00016007766 0.023606303
0.0017064895 6.5282005e-05 0.023421809
0.0016307242 4.412176e-05 0.020932968
0.004108148 7.9010213e-05 0.020998765
0.0018043612 4.229315e-05 0.026188956
0.004542258 7.5727555e-05 0.026252008
0.0017258941 2.143041e-05 0.023541034
0.006595947 8.22047e-05 0.021091408
0.0041119664 2.6282103e-05 0.021029606
0.0072905298 7.8785963e-05 0.026340793
0.0045460803 2.5190454e-05 0.026281562
0.0069484485 1.5238107e-13 0.023666108
-0.00082958693 -1.5581426e-05 0.020954216
-0.00084235532 -2.6158072e-05 0.020891357
-0.00091641403 -1.4926066e-05 0.026209321
-0.00092918641 -2.5062821e-05 0.026149084
-0.0034722686 -8.5871333e-05 0.023515612
0.0079446054 0.00022269996 0.0319914
0.0049505968 0.00012130938 0.031959912
0.004940597 0.00017131864 0.031881482
0.0076084422 0.00030077456 0.028961949
0.0076223742 0.00015326851 0.029115297
0.0018764029 6.2507934e-05 0.028938659
0.0019705912 4.0449175e-05 0.031954824
0.004957912 7.2423392e-05 0.03201513
0.0018958423 2.0522607e-05 0.029052794
0.0079556134 7.5345104e-05 0.032100059
0.0049617513 2.4090612e-05 0.032043388
0.0076282846 3.0418402e-12 0.029172551
-0.0009995598 -1.427749e-05 0.031974283
-0.0010123593 -2.3975562e-05 0.03191669
-0.0038121808 -8.2214768e-05 0.029028461
-0.0032847173 4.3738442e-05 0.021001406
-0.0008231377 5.2035963e-06 0.020985594
-0.00082958693 1.5581425e-05 0.020954216
-0.0036320062 4.1913163e-05 0.026254548
-0.00090996205 4.9842636e-06 0.026239389
-0.00091641403 1.4926068e-05 0.026209321
-0.0034722686 8.5871332e-05 0.023515612
-0.0034561761 -7.3156468e-13 0.023578485
0.0017258941 -2.1430409e-05 0.023541034
0.0016406657 -3.2085746e-13 0.020994636
-0.0008231377 -5.2035976e-06 0.020985594
0.0018143096 1.3138768e-12 0.026248049
-0.00090996205 -4.9842616e-06 0.026239389
-0.0032847173 -4.3738445e-05 0.021001406
-0.0036320062 -4.1913162e-05 0.026254548
0.0041119664 -2.6282104e-05 0.021029606
0.0045460803 -2.5190451e-05 0.026281562
-0.0039645239 4.0090676e-05 0.032017518
-0.00099309392 4.7678301e-06 0.032003026
-0.0009995598 1.4277497e-05 0.031974283
-0.0038121808 8.2214771e-05 0.029028461
-0.0037960791 1.5692609e-12 0.029088647
0.0018958423 -2.0522602e-05 0.029052794
0.0019805746 4.028006e-12 0.03201132
-0.00099309392 -4.767823e-06 0.032003026
-0.0039645239 -4.009067e-05 0.032017518
0.0049617513 -2.4090604e-05 0.032043388
0.006595947 -8.2204701e-05 0.021091408
0.004108148 -7.9010214e-05 0.020998765
0.0072905298 -7.8785961e-05 0.026340793
0.004542258 -7.5727553e-05 0.026252008
0.0069425553 -0.00016007766 0.023606303
0.0016307242 -4.412176e-05 0.020932968
0.0041008754 -0.00013234132 0.020938506
0.0018043612 -4.2293147e-05 0.026188956
0.0045349786 -0.0001268396 0.026194261
0.0017064895 -6.5282005e-05 0.023421809
0.0065850079 -0.00024296155 0.020972848
0.0040909326 -0.00018690575 0.020852927
0.0072795791 -0.00023285271 0.026227172
0.0045250292 -0.00017912866 0.026112248
0.0069286665 -0.00031414205 0.023446137
-0.00084235532 2.6158071e-05 0.020891357
-0.00092918641 2.5062823e-05 0.026149084
0.0079556134 -7.5345094e-05 0.032100059
0.004957912 -7.2423383e-05 0.03201513
0.0076223742 -0.0001532685 0.029115297
0.0019705912 -4.0449167e-05 0.031954824
0.0049505968 -0.00012130937 0.031959912
0.0018764028 -6.2507929e-05 0.028938659
0.0079446054 -0.00022269995 0.0319914
0.004940597 -0.00017131863 0.031881482
0.0076084422 -0.00030077456 0.028961949
-0.0010123593 2.3975569e-05 0.03191669
-0.0057396031 -3.8748832e-05 0.021073762
-0.0057493404 -0.000116261 0.021041349
-0.0063473513 -3.7133205e-05 0.02632389
-0.0063570899 -0.0001114146 0.026292829
-0.0086437665 -0.00010889454 0.023712959
-0.0081993059 -3.5328284e-12 0.021170671
-0.0057396031 3.8748827e-05 0.021073762
-0.0090675105 -2.4225805e-12 0.026416761
-0.0063473513 3.7133203e-05 0.02632389
-0.0086437665 0.00010889453 0.023712959
-0.0057493404 0.00011626099 0.021041349
-0.0063570899 0.00011141459 0.026292829
-0.010668939 7.2655365e-05 0.021291972
-0.010668939 -7.2655375e-05 0.021291972
-0.011797598 6.9624913e-05 0.026533004
-0.011797598 -6.9624922e-05 0.026533004
-0.013847859 -6.7764517e-12 0.024002527
-0.0069292374 -3.5518849e-05 0.032083824
-0.0069389762 -0.00010657017 0.032054129
-0.0094934896 -0.0001042579 0.029217397
-0.0098987532 2.3770191e-13 0.032172644
-0.0069292374 3.5518853e-05 0.032083824
-0.0094934896 0.00010425789 0.029217397
-0.0069389762 0.00010657017 0.032054129
-0.012878179 6.6594608e-05 0.032283828
-0.012878179 -6.6594611e-05 0.032283828
-0.015207372 -5.8252486e-12 0.029494626
0.008580084 0.00021233598 0.038243521
0.0053477209 0.00011562703 0.038213419
0.005337579 0.00016334627 0.038138638
0.0082586044 0.00028729404 0.034976679
0.0082726833 0.0001463709 0.035123147
0.0020388598 5.9686313e-05 0.034954385
0.0021294375 3.8509012e-05 0.038208487
0.0053550919 6.9004204e-05 0.038266059
0.0020584108 1.9588184e-05 0.035063355
0.0085911636 7.1799993e-05 0.038347134
0.0053589413 2.2947449e-05 0.038292994
0.0082786201 6.2001963e-12 0.035177823
-0.00107897 -1.3679844e-05 0.038226944
-0.0010918383 -2.2943194e-05 0.03817208
-0.004137314 -7.856814e-05 0.035040075
0.0091859702 0.00020137373 0.04496154
0.0057263933 0.00010945792 0.044932757
0.0057160812 0.00015489002 0.044861725
0.0088790842 0.00027342592 0.041468413
0.0088934152 0.00013915413 0.04160784
0.0021939067 5.6663145e-05 0.041446981
0.002281056 3.621858e-05 0.044927857
0.0057336509 6.521626e-05 0.044982772
0.0022136216 1.853203e-05 0.04155062
0.0091967915 6.7963928e-05 0.045059985
0.0057373615 2.1666637e-05 0.045008371
0.0088992767 7.8333737e-12 0.041659876
-0.0011544065 -1.3288245e-05 0.044945103
-0.0011673481 -2.2126328e-05 0.044893114
-0.0044475332 -7.4978749e-05 0.041528234
-0.0042822175 3.8290935e-05 0.038268075
-0.0010724857 4.5725651e-06 0.03825432
-0.00107897 1.3679856e-05 0.038226944
-0.004137314 7.8568148e-05 0.035040075
-0.0041211941 4.1160646e-12 0.035097513
0.0020584108 -1.9588174e-05 0.035063355
0.0021394677 6.2619328e-12 0.038262322
-0.0010724857 -4.5725535e-06 0.03825432
-0.0042822175 -3.8290924e-05 0.038268075
0.0053589413 -2.2947436e-05 0.038292994
-0.0045848662 3.658829e-05 0.044983846
-0.0011479729 4.4617125e-06 0.04497106
-0.0011544065 1.3288259e-05 0.044945103
-0.0044475332 7.4978761e-05 0.041528234
-0.004431425 6.055827e-12 0.041582759
0.0022136216 -1.8532016e-05 0.04155062
0.0022909445 7.3101714e-12 0.044978986
-0.0011479729 -4.4616984e-06 0.04497106
-0.0045848662 -3.6588277e-05 0.044983846
0.0057373615 -2.1666621e-05 0.045008371
0.0085911636 -7.1799978e-05 0.038347134
0.0053550919 -6.9004191e-05 0.038266059
0.0082726833 -0.00014637088 0.035123147
0.0021294375 -3.8509e-05 0.038208487
0.0053477209 -0.00011562701 0.038213419
0.0020388598 -5.9686303e-05 0.034954385
0.008580084 -0.00021233597 0.038243521
0.005337579 -0.00016334626 0.038138638
0.0082586044 -0.00028729403 0.034976679
-0.0010918383 2.2943206e-05 0.03817208
0.0091967915 -6.7963912e-05 0.045059985
0.0057336509 -6.5216245e-05 0.044982772
0.0088934152 -0.00013915412 0.04160784
0.002281056 -3.6218566e-05 0.044927857
0.0057263933 -0.0001094579 0.044932757
0.0021939067 -5.6663131e-05 0.041446981
0.0091859702 -0.00020137372 0.04496154
0.0057160812 -0.00015489001 0.044861725
0.0088790842 -0.00027342591 0.041468413
-0.0011673481 2.2126342e-05 0.044893114
-0.0074852494 -3.3913654e-05 0.038331249
-0.0074949615 -0.00010174212 0.038302979
-0.010306249 -9.9626911e-05 0.035220491
-0.010693075 2.5911399e-12 0.038415969
-0.0074852494 3.3913662e-05 0.038331249
-0.010306249 9.9626914e-05 0.035220491
-0.0074949615 0.00010174213 0.038302979
-0.013910733 6.357315e-05 0.038522092
-0.013910733 -6.3573149e-05 0.038522092
-0.016507671 -3.2048008e-12 0.035485366
-0.0080153364 -3.2347069e-05 0.04504361
-0.0080249062 -9.6985156e-05 0.045016912
-0.011082099 -9.5029929e-05 0.041699793
-0.011450694 5.9684083e-12 0.045124073
-0.0080153364 3.2347082e-05 0.04504361
-0.011082099 9.5029937e-05 0.041699793
-0.0080249062 9.6985169e-05 0.045016912
-0.014895664 6.0603091e-05 0.045225148
-0.014895664 -6.0603081e-05 0.045225148
-0.017748905 6.3447442e-13 0.04195231
0.0097621865 0.00018961722 0.052122532
0.0060869217 0.00010238592 0.052095163
0.006077327 0.0001456536 0.052027601
0.0094700426 0.00025881073 0.048414908
0.009484071 0.00013125514 0.048547199
0.0023420815 5.3085642e-05 0.048394159
0.0024258676 3.3151353e-05 0.05209044
0.0060929833 6.0745932e-05 0.052142911
0.0023614534 1.7125507e-05 0.048492513
0.0097708694 6.3746732e-05 0.052216207
0.0060958768 2.0136465e-05 0.052167418
0.0094892642 7.4937963e-12 0.048596624
-0.0012252734 -1.3385079e-05 0.052106507
-0.0012379752 -2.1815244e-05 0.052057242
-0.0047423324 -7.1578256e-05 0.048470584
0.010309911 0.0001799248 0.059699071
0.0064301398 9.5654799e-05 0.059674301
0.0064263978 0.00013726964 0.059607478
0.010033513 0.00024454106 0.055790847
0.010043052 0.00012320279 0.05591749
0.0024851504 4.8749243e-05 0.055771644
0.0025634139 2.9875231e-05 0.059672175
0.0064312196 5.6673637e-05 0.059722155
0.0025013079 1.5265816e-05 0.055866833
0.01030958 6.0622565e-05 0.059791328
0.0064315283 1.8823525e-05 0.059746921
0.010045503 6.0140373e-12 0.055965192
-0.0012913555 -1.3432997e-05 0.059689552
-0.0013029177 -2.1557379e-05 0.059640967
-0.0050203108 -6.8342293e-05 0.055845002
-0.0048717479 3.5122628e-05 0.052142515
-0.0012192234 4.5473152e-06 0.052131204
-0.0012252734 1.3385093e-05 0.052106507
-0.0047423324 7.1578271e-05 0.048470584
-0.0047264293 7.4963485e-12 0.048521956
0.0023614534 -1.7125492e-05 0.048492513
0.0024346089 7.1969689e-12 0.05213935
-0.0012192234 -4.5473004e-06 0.052131204
-0.0048717479 -3.5122613e-05 0.052142515
0.0060958768 -2.0136451e-05 0.052167418
-0.0051406572 3.3423444e-05 0.059723651
-0.0012860836 4.5662444e-06 0.059714195
-0.0012913555 1.3433009e-05 0.059689552
-0.0050203108 6.8342308e-05 0.055845002
-0.0050050403 7.8087528e-12 0.055893435
0.0025013079 -1.5265803e-05 0.055866833
0.0025685527 5.9402703e-12 0.059721721
-0.0012860836 -4.5662316e-06 0.059714195
-0.0051406572 -3.3423429e-05 0.059723651
0.0064315283 -1.8823513e-05 0.059746921
0.0097708694 -6.3746718e-05 0.052216207
0.0060929833 -6.0745918e-05 0.052142911
0.009484071 -0.00013125512 0.048547199
0.0024258676 -3.3151339e-05 0.05209044
0.0060869217 -0.0001023859 0.052095163
0.0023420815 -5.3085628e-05 0.048394159
0.0097621865 -0.0001896172 0.052122532
0.006077327 -0.00014565359 0.052027601
0.0094700426 -0.00025881072 0.048414908
-0.0012379752 2.1815258e-05 0.052057242
0.01030958 -6.0622555e-05 0.059791328
0.0064312196 -5.6673626e-05 0.059722155
0.010043052 -0.00012320278 0.05591749
0.0025634139 -2.9875219e-05 0.059672175
0.0064301398 -9.5654788e-05 0.059674301
0.0024851504 -4.874923e-05 0.055771644
0.010309911 -0.00017992479 0.059699071
0.0064263978 -0.00013726963 0.059607478
0.010033513 -0.00024454105 0.055790847
-0.0013029177 2.1557392e-05 0.059640967
-0.0085191477 -3.088603e-05 0.052198184
-0.008528243 -9.2399915e-05 0.052173352
-0.011821296 -9.0563606e-05 0.048632487
-0.0121723 9.5839683e-12 0.052273824
-0.0085191477 3.0886047e-05 0.052198184
-0.011821296 9.0563622e-05 0.048632487
-0.008528243 9.2399932e-05 0.052173352
-0.015834749 5.7847609e-05 0.05236985
-0.015834749 -5.7847587e-05 0.05236985
-0.018932188 8.7042094e-12 0.048872735
-0.0089940781 -2.9379798e-05 0.059773888
-0.0090020194 -8.7491924e-05 0.059751176
-0.012524262 -8.6453287e-05 0.055995583
-0.01285871 1.179447e-11 0.059842614
-0.0089940781 2.9379816e-05 0.059773888
-0.012524262 8.6453309e-05 0.055995583
-0.0090020194 8.7491942e-05 0.059751176
-0.016734551 5.5954663e-05 0.059933088
-0.016734551 -5.5954632e-05 0.059933088
-0.020062996 1.645602e-11 0.056223864
0.010839888 0.00019017585 0.067657011
0.00675344 0.00010122427 0.067638956
0.0067758778 0.0001418544 0.067561325
0.010582122 0.00023993028 0.063560595
0.010568523 0.00012158392 0.063690189
0.002623792 4.5636455e-05 0.063549696
0.0026849374 3.2303897e-05 0.067648269
0.0067417742 6.390815e-05 0.067693188
0.002629312 1.502173e-05 0.063651358
0.010814975 6.9736182e-05 0.067757251
0.0067397679 2.213755e-05 0.067721239
0.010564228 4.5414221e-12 0.063739457
-0.0013564366 -9.8390992e-06 0.06767319
-0.0013679483 -1.9357365e-05 0.06761876
-0.0052791944 -6.2678166e-05 0.063631505
0.011366625 0.00036191065 0.076044701
0.0070392537 0.0001984817 0.075991242
0.0071425822 0.0002910449 0.075878486
0.01118515 0.00029225845 0.071682184
0.011071652 0.00017034926 0.071838366
0.0027546294 5.4728707e-05 0.071698235
0.0027927471 6.4703666e-05 0.075971537
0.0070241712 0.00011194465 0.076065853
0.002735695 2.3325896e-05 0.071826945
0.011360943 0.00011264189 0.076200982
0.0070254644 3.59922e-05 0.076105032
0.011077415 3.863904e-12 0.07189904
-0.0014179853 -2.4831116e-05 0.075991058
-0.0014365718 -3.791262e-05 0.075913339
-0.00553479 -6.0402381e-05 0.071792568
-0.0053858886 2.6454567e-05 0.067710489
-0.0013473802 2.5376661e-06 0.067703544
-0.0013564366 9.8391079e-06 0.06767319
-0.0052791944 6.2678179e-05 0.063631505
-0.0052622374 6.4974151e-12 0.063679992
0.002629312 -1.502172e-05 0.063651358
0.0026861536 3.7639943e-12 0.067706922
-0.0013473802 -2.5376576e-06 0.067703544
-0.0053858886 -2.6454556e-05 0.067710489
0.0067397679 -2.2137542e-05 0.067721239
-0.0056127882 6.5486731e-05 0.07605499
-0.0014038706 9.0551575e-06 0.076026095
-0.0014179853 2.4831121e-05 0.075991058
-0.00553479 6.0402388e-05 0.071792568
-0.0054798396 3.4480212e-12 0.071868345
0.002735695 -2.332589e-05 0.071826945
0.0027963508 2.2250092e-12 0.076043294
-0.0014038706 -9.0551541e-06 0.076026095
-0.0056127882 -6.5486727e-05 0.07605499
0.0070254644 -3.5992194e-05 0.076105032
0.010814975 -6.9736174e-05 0.067757251
0.0067417742 -6.3908142e-05 0.067693188
0.010568523 -0.00012158391 0.063690189
0.0026849374 -3.2303889e-05 0.067648269
0.00675344 -0.00010122426 0.067638956
0.002623792 -4.5636445e-05 0.063549696
0.010839888 -0.00019017584 0.067657011
0.0067758779 -0.0001418544 0.067561325
0.010582122 -0.00023993028 0.063560595
-0.0013679483 1.9357374e-05 0.06761876
-0.0094265602 -2.3266088e-05 0.067760288
-0.009439954 -7.5476204e-05 0.067735345
-0.013188786 -8.2222128e-05 0.063769313
-0.013502814 1.1059052e-11 0.067823144
-0.0094265602 2.3266102e-05 0.067760288
-0.013188786 8.2222152e-05 0.063769313
-0.009439954 7.5476219e-05 0.067735345
-0.017614992 5.7497331e-05 0.067906212
-0.017614992 -5.7497299e-05 0.067906212
-0.021168207 2.0921769e-11 0.063987348
-0.0098181695 -5.6074134e-05 0.076167488
-0.0099158484 -0.00016695675 0.076120809
-0.013817307 -6.0956584e-05 0.071972355
-0.014074378 4.6197705e-12 0.076331905
-0.0098181695 5.6074139e-05 0.076167488
-0.013817307 6.0956601e-05 0.071972355
-0.0099158484 0.00016695675 0.076120809
-0.018498268 0.00010209971 0.076532901
-0.018498268 -0.00010209969 0.076532901
-0.022382117 1.8165161e-11 0.0722072
-0.016170793 0.0013507711 0.095066387
-0.0040373254 0.00014902364 0.094489865
-0.004281095 0.00045683638 0.093866626
-0.011343737 0.0023810058 0.082564847
-0.010405971 -1.4522384e-12 0.083303441
0.0051672832 -0.00035093547 0.08270055
0.0079223125 1.4700142e-11 0.094741346
-0.0040373254 -0.00014902362 0.094489865
0.0051672832 0.00035093549 0.08270055
-0.016170793 -0.0013507711 0.095066387
-0.004281095 -0.00045683636 0.093866626
-0.011343737 -0.0023810058 0.082564847
-0.028186376 -0.0012816186 0.097013464
-0.028846989 -0.0036467298 0.096261311
-0.027749671 -0.0037555821 0.086570369
-0.040839347 -1.0831781e-11 0.099776726
-0.028186376 0.0012816186 0.097013464
-0.027749671 0.0037555821 0.086570369
-0.028846989 0.0036467298 0.096261311
-0.054544693 0.0021502814 0.10346593
-0.054544693 -0.0021502815 0.10346593
-0.048048959 -1.9147043e-11 0.094883552
0.0069359868 0.0002379081 0.023534892
0.0043202371 0.00012959101 0.023501266
0.0043102945 0.00018301793 0.023417469
0.0017184685 4.3207672e-05 0.023495845
0.0043275101 7.7369297e-05 0.023560269
0.0069469266 8.0495837e-05 0.023650984
0.0043313288 2.5736439e-05 0.023590468
-0.00087345997 -1.5253697e-05 0.023516652
-0.00088622835 -2.5610349e-05 0.023455103
0.0076157852 0.00022778797 0.029046926
0.004745099 0.0001240823 0.029014729
0.0047351325 0.00017523242 0.028934503
0.0018884019 4.1375618e-05 0.029009537
0.0047523921 7.4081372e-05 0.029071215
0.0076267584 7.7071355e-05 0.029158072
0.0047562214 2.464277e-05 0.029100124
-0.00095844834 -1.4599665e-05 0.029029454
-0.00097123021 -2.4516805e-05 0.028970533
-0.0034602074 4.282579e-05 0.023562862
-0.00086701059 5.0939054e-06 0.023547375
-0.00087345997 1.5253697e-05 0.023516652
0.0017284104 3.258402e-13 0.023556226
-0.00086701059 -5.0939055e-06 0.023547375
-0.0034602074 -4.2825792e-05 0.023562862
0.0043313288 -2.5736438e-05 0.023590468
-0.0038001129 4.1001023e-05 0.029073692
-0.00095199093 4.8751542e-06 0.029058863
-0.00095844835 1.459967e-05 0.029029454
0.0018983639 2.6784178e-12 0.029067336
-0.00095199093 -4.8751497e-06 0.029058863
-0.0038001129 -4.1001019e-05 0.029073692
0.0047562214 -2.4642765e-05 0.029100124
0.0069469266 -8.0495837e-05 0.023650984
0.0043275101 -7.7369296e-05 0.023560269
0.0017184685 -4.3207671e-05 0.023495845
0.0043202371 -0.00012959101 0.023501266
0.0069359867 -0.0002379081 0.023534892
0.0043102945 -0.00018301793 0.023417469
-0.00088622835 2.5610349e-05 0.023455103
0.0076267584 -7.7071349e-05 0.029158072
0.0047523921 -7.4081366e-05 0.029071215
0.0018884019 -4.1375613e-05 0.029009537
0.004745099 -0.00012408229 0.029014729
0.0076157852 -0.00022778797 0.029046926
0.0047351325 -0.00017523242 0.028934503
-0.00097123022 2.4516809e-05 0.028970533
-0.0060467098 -3.7941006e-05 0.023633711
-0.0060564473 -0.00011383779 0.023601974
-0.0086380288 -3.263558e-12 0.023728601
-0.0060467098 3.7941003e-05 0.023633711
-0.0060564473 0.00011383779 0.023601974
-0.011239278 7.1140198e-05 0.023847374
-0.011239278 -7.1140207e-05 0.023847374
-0.0066415275 -3.6325641e-05 0.029141522
-0.0066512671 -0.00010899174 0.029111141
-0.0094877514 -1.2058599e-12 0.02923237
-0.0066415275 3.6325642e-05 0.029141522
-0.0066512671 0.00010899174 0.029111141
-0.012343898 6.8109562e-05 0.029346084
-0.012343898 -6.8109569e-05 0.029346084
0.0082660393 0.00021756317 0.035057846
0.0051514705 0.00011850193 0.035027057
0.0051414137 0.00016736761 0.03495044
0.0020509328 3.950139e-05 0.03502206
0.005158815 7.0739318e-05 0.035080995
0.0082770894 7.3594723e-05 0.035163997
0.0051626641 2.3528612e-05 0.035108596
-0.00103974 -1.3966368e-05 0.035041037
-0.001052568 -2.3446317e-05 0.034984793
0.0088867323 0.00020696019 0.041545681
0.0055393547 0.00011263408 0.041516245
0.0055291106 0.00015920623 0.04144333
0.00220613 3.7433356e-05 0.041511345
0.0055467199 6.7179699e-05 0.041567572
0.0088977752 6.9932906e-05 0.041646718
0.005550538 2.2332866e-05 0.041593835
-0.0011172132 -1.3441723e-05 0.041529227
-0.0011301268 -2.2490785e-05 0.041475784
-0.0041252312 3.9185208e-05 0.035083243
-0.0010332636 4.6651139e-06 0.035069103
-0.00103974 1.3966377e-05 0.035041037
0.0020609428 5.2984151e-12 0.035077236
-0.0010332636 -4.6651044e-06 0.035069103
-0.0041252312 -3.91852e-05 0.035083243
0.0051626641 -2.3528601e-05 0.035108596
-0.0044354494 3.7419298e-05 0.041569213
-0.0011107349 4.4998739e-06 0.041555897
-0.0011172132 1.3441736e-05 0.041529227
0.0022161426 6.9720968e-12 0.041563822
-0.0011107349 -4.4998608e-06 0.041555897
-0.0044354494 -3.7419286e-05 0.041569213
0.005550538 -2.2332852e-05 0.041593835
0.0082770894 -7.3594711e-05 0.035163997
0.005158815 -7.0739307e-05 0.035080995
0.0020509328 -3.950138e-05 0.03502206
0.0051514705 -0.00011850192 0.035027057
0.0082660393 -0.00021756316 0.035057846
0.0051414137 -0.00016736759 0.03495044
-0.001052568 2.3446326e-05 0.034984793
0.0088977752 -6.9932891e-05 0.041646718
0.0055467199 -6.7179684e-05 0.041567572
0.00220613 -3.7433342e-05 0.041511345
0.0055393547 -0.00011263407 0.041516245
0.0088867323 -0.00020696017 0.041545681
0.0055291106 -0.00015920621 0.04144333
-0.0011301268 2.2490797e-05 0.041475784
-0.0072104792 -3.4714039e-05 0.035148002
-0.0072202114 -0.00010415209 0.035119009
-0.010300522 1.2882265e-12 0.035234783
-0.0072104792 3.4714045e-05 0.035148002
-0.0072202114 0.0001041521 0.035119009
-0.013400448 6.5081421e-05 0.035343436
-0.013400448 -6.5081423e-05 0.035343436
-0.007753541 -3.3122195e-05 0.041630735
-0.0077632061 -9.9348672e-05 0.041603224
-0.011076444 4.0568994e-12 0.041713359
-0.007753541 3.3122206e-05 0.041630735
-0.0077632061 9.9348682e-05 0.041603224
-0.014409093 6.2076187e-05 0.041816954
-0.014409093 -6.2076182e-05 0.041816954
0.0094777825 0.00019555402 0.048488206
0.0059088852 0.00010603958 0.048460086
0.0058986821 0.00015035761 0.048390894
0.0023542826 3.4801578e-05 0.048455196
0.005915793 6.3069295e-05 0.048508856
0.0094879614 6.5882787e-05 0.048584122
0.0059192385 2.093278e-05 0.048533839
-0.0011904592 -1.3262695e-05 0.048471784
-0.0012033597 -2.1893856e-05 0.048421235
0.010039348 0.00018402684 0.055860904
0.0062606386 9.8700069e-05 0.055834553
0.0062527946 0.00014104121 0.055768038
0.0024957424 3.1372169e-05 0.055830513
0.0062649469 5.8418148e-05 0.055881821
0.010044932 6.1785748e-05 0.055953096
0.0062668331 1.9348769e-05 0.055906171
-0.0012588259 -1.3568574e-05 0.055846597
-0.0012710717 -2.1806956e-05 0.055798157
-0.004730361 3.5819866e-05 0.048509183
-0.0011841505 4.4750626e-06 0.048497056
-0.0011904592 1.326271e-05 0.048471784
0.0023638131 7.3738433e-12 0.048505071
-0.0011841505 -4.4750478e-06 0.048497056
-0.004730361 -3.5819851e-05 0.048509183
0.0059192385 -2.0932765e-05 0.048533839
-0.0050087007 3.443106e-05 0.055881359
-0.0012531857 4.6333491e-06 0.05587099
-0.0012588259 1.3568588e-05 0.055846597
0.002503041 6.6456419e-12 0.055879111
-0.0012531857 -4.633335e-06 0.05587099
-0.0050087007 -3.4431045e-05 0.055881359
0.0062668331 -1.9348756e-05 0.055906171
0.0094879614 -6.5882772e-05 0.048584122
0.005915793 -6.306928e-05 0.048508856
0.0023542826 -3.4801564e-05 0.048455196
0.0059088852 -0.00010603956 0.048460086
0.0094777825 -0.00019555401 0.048488206
0.0058986821 -0.0001503576 0.048390894
-0.0012033597 2.1893871e-05 0.048421235
0.010044932 -6.1785736e-05 0.055953096
0.0062649469 -5.8418135e-05 0.055881821
0.0024957424 -3.1372156e-05 0.055830513
0.0062606386 -9.8700056e-05 0.055834553
0.010039348 -0.00018402683 0.055860904
0.0062527946 -0.0001410412 0.055768038
-0.0012710717 2.180697e-05 0.055798157
-0.0082705861 -3.1598962e-05 0.048567024
-0.0082799803 -9.4667257e-05 0.048541213
-0.011815932 7.8920628e-12 0.048645201
-0.0082705861 3.1598977e-05 0.048567024
-0.0082799803 9.4667272e-05 0.048541213
-0.015370711 5.9177125e-05 0.048743761
-0.015370711 -5.9177109e-05 0.048743761
-0.0087606317 -3.0199505e-05 0.055934504
-0.0087692474 -9.0106675e-05 0.055910741
-0.012519929 1.1050212e-11 0.056007101
-0.0087606317 3.0199523e-05 0.055934504
-0.0087692474 9.0106693e-05 0.055910741
-0.016288751 5.6689767e-05 0.056100498
-0.016288751 -5.668974e-05 0.056100498
0.010575527 0.00018013832 0.063632086
0.0065951509 9.4981178e-05 0.063610177
0.0065999698 0.00013603554 0.063540548
0.0026274239 2.9631672e-05 0.063612166
0.0065908575 5.7130771e-05 0.063660404
0.010564924 6.19329e-05 0.063726935
0.006589354 1.927223e-05 0.063686348
-0.0013236316 -1.2293831e-05 0.063633001
-0.0013347492 -2.059161e-05 0.063582657
0.011100202 0.0002346985 0.071771376
0.0068956027 0.00012896311 0.071766089
0.0069521064 0.00016611279 0.071677895
0.0027359958 4.1799452e-05 0.07177662
0.0068797292 8.3233511e-05 0.071826831
0.011074018 8.8958522e-05 0.07188318
0.00687973 2.8540384e-05 0.071858764
-0.0013875691 -1.0460954e-05 0.071801052
-0.0014020024 -2.1193612e-05 0.07173531
-0.0052666649 3.1188351e-05 0.063667686
-0.0013178401 3.881844e-06 0.063659052
-0.0013236316 1.2293842e-05 0.063633001
0.0026302064 4.9503265e-12 0.063664737
-0.0013178401 -3.8818331e-06 0.063659052
-0.0052666649 -3.1188338e-05 0.063667686
0.006589354 -1.927222e-05 0.063686348
-0.0054967211 2.8890136e-05 0.071846383
-0.0013742948 3.0305728e-06 0.071838565
-0.0013875691 1.046096e-05 0.071801052
0.0027377082 3.0184899e-12 0.071844134
-0.0013742948 -3.030567e-06 0.071838565
-0.0054967211 -2.8890129e-05 0.071846383
0.00687973 -2.8540377e-05 0.071858764
0.010564924 -6.1932891e-05 0.063726935
0.0065908575 -5.7130762e-05 0.063660404
0.0026274239 -2.9631662e-05 0.063612166
0.0065951509 -9.4981169e-05 0.063610177
0.010575527 -0.00018013831 0.063632086
0.0065999698 -0.00013603553 0.063540548
-0.0013347492 2.0591621e-05 0.063582657
-0.0092173904 -2.799526e-05 0.063715432
-0.0092249308 -8.3200817e-05 0.063693031
-0.013187636 1.2099472e-11 0.063779636
-0.0092173904 2.7995277e-05 0.063715432
-0.0092249308 8.3200834e-05 0.063693031
-0.017175144 5.5457318e-05 0.063866693
-0.017175144 -5.5457285e-05 0.063866693
-0.009616923 -2.1349534e-05 0.071914367
-0.0096634588 -6.9761772e-05 0.071871924
-0.013787045 8.7252662e-12 0.071999047
-0.009616923 2.1349544e-05 0.071914367
-0.0096634588 6.9761782e-05 0.071871924
-0.018047361 4.5093894e-05 0.072086077
-0.018047361 -4.5093867e-05 0.072086077
-0.010522648 0.00097801156 0.08317582
-0.0026403963 9.6884844e-05 0.082721023
-0.0027622834 0.00032374845 0.082375887
0.0051962989 5.8720209e-12 0.082872108
-0.0026403963 -9.688484e-05 0.082721023
-0.010522648 -0.00097801156 0.08317582
-0.0027622834 -0.00032374844 0.082375887
-0.018350883 -0.001001058 0.084467909
-0.019514683 -0.0034696133 0.084283757
-0.026488672 -4.2379539e-12 0.086392227
-0.018350883 0.0010010579 0.084467909
-0.019514683 0.0034696133 0.084283757
-0.036337587 0.0027903258 0.089687733
-0.036337587 -0.0027903258 0.089687733
